899
794
0.8681767848 -1.440501451 0.002008011618 -0.01440060336 0.003886025084 7.442157609
795
0.8248629347 -1.21689786 0.00139469006 -0.01040431897 0.001605821624 6.533206092
796
0.7869085397 -1.04871972 0.0008620321241 -0.005245277153 0.0008529458214 5.658058444
797
0.7538887646 -0.9185814343 0.0005231902556 -0.001792828492 0.0005651265574 4.856354138
798
0.7252214675 -0.8148058665 0.0003254556695 0.0001807013522 0.0004329403 4.137125589
799
0.7002905255 -0.7300980998 0.0002141459406 0.001229590919 0.0003637658808 3.496779949
800
0.6785176247 -0.6598133391 0.0001512932681 0.001762243584 0.0003203438359 2.927144807
801
0.6594011452 -0.6008420046 0.0001154486414 0.002014712434 0.0002893422677 2.419229202
802
0.6425224389 -0.5509825183 9.496151834e-05 0.002114776031 0.0002654686571 1.964689119
803
0.6275373891 -0.5085986822 8.274263962e-05 0.002135501762 0.0002448550789 1.556256647
804
0.6141639665 -0.4724282937 7.502540419e-05 0.002116037536 0.0002263267056 1.187756758
805
0.6021702559 -0.441470643 7.038561604e-05 0.00207294328 0.0002105984335 0.8539853165
806
0.5913644031 -0.4149164142 6.688589691e-05 0.002022823152 0.0001957856185 0.5505584658
807
0.5815866245 -0.3921015336 6.456860419e-05 0.001967183392 0.000183256527 0.2737722409
808
0.572702969 -0.3724750577 6.238611888e-05 0.001913496829 0.0001713592246 0.02048413368
809
0.5646004614 -0.355575973 6.107663423e-05 0.001856427517 0.0001616454241 -0.2119839906
810
0.5571832867 -0.3410159712 5.973736927e-05 0.001802757058 0.0001524533103 -0.4259254937
811
0.5503697933 -0.3284661964 5.884904152e-05 0.001748906191 0.0001448918715 -0.62331252
812
0.5440900911 -0.3176470375 5.73776435e-05 0.001702004849 0.0001370455935 -0.8058487639
813
0.5382841199 -0.3083198766 5.630259475e-05 0.001654720476 0.0001305661784 -0.9750117705
814
0.5329000713 -0.300280626 5.545898826e-05 0.001607767983 0.0001249254167 -1.132088909
815
0.5278931187 -0.2933542056 5.428680469e-05 0.001565335159 0.0001192323507 -1.27820495
816
0.5232243343 -0.2873902158 5.314527287e-05 0.001524575196 0.0001140239674 -1.41434737
817
0.5188598122 -0.2822592476 5.206252359e-05 0.001485271549 0.0001094526409 -1.541386107
818
0.5147699325 -0.2778498598 5.086893428e-05 0.001448209975 0.0001049939954 -1.660090638
819
0.5109287478 -0.2740658775 4.987856246e-05 0.001410987269 0.0001010934107 -1.771143324
820
0.5073134532 -0.2708243103 4.875494443e-05 0.001376188262 9.728990211e-05 -1.875152179
821
0.5039039473 -0.2680534642 4.752121389e-05 0.001343480143 9.359933434e-05 -1.972660784
822
0.5006824719 -0.265691317 4.668747379e-05 0.001308949704 9.059123698e-05 -2.064156105
823
0.4976332802 -0.2636842536 4.571017729e-05 0.001276623514 8.757939036e-05 -2.150076777
824
0.4947423761 -0.2619858508 4.459197139e-05 0.001246393894 8.451718658e-05 -2.230818641
825
0.4919972827 -0.2605558882 4.349769465e-05 0.001217174606 8.176435918e-05 -2.306740084
826
0.4893868465 -0.2593595224 4.236960921e-05 0.001189002452 7.902990164e-05 -2.378166645
827
0.4869010634 -0.258366552 4.128051312e-05 0.001161479239 7.648649478e-05 -2.445395096
828
0.4845309393 -0.2575507674 4.031587165e-05 0.001133933468 7.423156355e-05 -2.508696475
829
0.4822683652 -0.256889414 3.936795449e-05 0.001107063777 7.210095005e-05 -2.568319009
830
0.480106006 -0.2563627774 3.836531446e-05 0.001081383787 6.994527391e-05 -2.624491018
831
0.4780372128 -0.255953713 3.739439476e-05 0.001056326969 6.792999829e-05 -2.677422589
832
0.4760559381 -0.2556473015 3.624189086e-05 0.001033381551 6.575505741e-05 -2.727307616
833
0.4741566717 -0.255430593 3.507020621e-05 0.001011210721 6.369175774e-05 -2.774325502
834
0.4723343743 -0.2552923266 3.424630069e-05 0.0009871187567 6.217015335e-05 -2.818642701
835
0.4705844278 -0.2552227183 3.327344327e-05 0.0009647021998 6.039200455e-05 -2.860413957
836
0.4689025953 -0.2552132059 3.241076743e-05 0.0009422082544 5.884331338e-05 -2.899782908
837
0.4672849716 -0.255256364 3.147293593e-05 0.0009208857207 5.722111302e-05 -2.936883817
838
0.4657279517 -0.2553457111 3.052994251e-05 0.0009002535592 5.567820433e-05 -2.971842077
839
0.4642282045 -0.2554756029 2.971648292e-05 0.000879302096 5.437074259e-05 -3.004774945
840
0.4627826433 -0.2556410854 2.882465439e-05 0.0008594395882 5.295545884e-05 -3.035792101
841
0.4613883988 -0.2558378631 2.784557469e-05 0.0008407968192 5.146049478e-05 -3.064996707
842
0.4600428031 -0.2560621786 2.708998881e-05 0.0008210906075 5.035412113e-05 -3.0924856
843
0.4587433709 -0.2563107207 2.621464922e-05 0.0008027269572 4.90418689e-05 -3.11834965
844
0.4574877801 -0.2565806329 2.534610819e-05 0.0007849098714 4.780427397e-05 -3.142674718
845
0.4562738629 -0.2568693784 2.45611179e-05 0.0007669391661 4.671874293e-05 -3.165541381
846
0.4550995874 -0.2571747365 2.373374683e-05 0.0007496917482 4.552531598e-05 -3.187025759
847
0.4539630464 -0.2574947608 2.291999871e-05 0.0007328996822 4.443203107e-05 -3.207199767
848
0.4528624525 -0.2578277652 2.214367103e-05 0.0007162418171 4.341669723e-05 -3.226131347
849
0.451796125 -0.2581722272 2.139605296e-05 0.0006998185067 4.243491899e-05 -3.243884581
850
0.4507624815 -0.2585268471 2.067803431e-05 0.0006836270684 4.147478013e-05 -3.260520274
851
0.449760033 -0.2588904504 1.99669145e-05 0.0006678326857 4.05140246e-05 -3.276095825
852
0.4487873753 -0.2592620166 1.919127706e-05 0.0006530151842 3.952787642e-05 -3.29066566
853
0.4478431834 -0.259640617 1.838981368e-05 0.0006387007574 3.849923715e-05 -3.304281225
854
0.4469262037 -0.2600254641 1.77179334e-05 0.0006238998746 3.771342096e-05 -3.316991533
855
0.4460352547 -0.2604158198 1.705917962e-05 0.0006093623562 3.695352968e-05 -3.328842728
856
0.4451692156 -0.2608110784 1.639033547e-05 0.0005952122806 3.612620646e-05 -3.339878979
857
0.4443270284 -0.2612106502 1.574807712e-05 0.0005813473998 3.53837614e-05 -3.350141844
858
0.4435076895 -0.2616140586 1.510995436e-05 0.0005677645137 3.460742238e-05 -3.359671078
859
0.4427102508 -0.2620208452 1.442183755e-05 0.0005549179766 3.381241481e-05 -3.368504166
860
0.4419338118 -0.2624306029 1.379786779e-05 0.0005421365701 3.317400613e-05 -3.376676815
861
0.4411775185 -0.2628429715 1.312942204e-05 0.0005298609299 3.244500128e-05 -3.384222944
862
0.4404405607 -0.2632576414 1.248258908e-05 0.0005177468822 3.174356903e-05 -3.391174871
863
0.4397221717 -0.2636743037 1.187364163e-05 0.0005056582142 3.109494002e-05 -3.397563079
864
0.4390216204 -0.2640927033 1.133827002e-05 0.0004933271085 3.05241618e-05 -3.403416784
865
0.4383382139 -0.2645126116 1.077442891e-05 0.0004814963448 2.989719555e-05 -3.408763712
866
0.4376712955 -0.2649338047 1.019665179e-05 0.0004700851815 2.923725286e-05 -3.413630106
867
0.4370202403 -0.2653560797 9.539048325e-06 0.0004596125485 2.850260224e-05 -3.418040947
868
0.4363844528 -0.2657792732 8.999904754e-06 0.0004485253035 2.794869822e-05 -3.422020167
869
0.4357633677 -0.2662032316 8.381084985e-06 0.000438328706 2.728278116e-05 -3.425590469
870
0.4351564528 -0.2666277834 7.854794322e-06 0.0004276924839 2.675560563e-05 -3.428773138
871
0.4345631927 -0.2670528089 7.437646054e-06 0.0004165166305 2.637094884e-05 -3.431588908
872
0.4339831049 -0.2674781972 6.848217814e-06 0.0004068889509 2.570668245e-05 -3.434057247
873
0.4334157286 -0.2679038164 6.371068355e-06 0.0003967382868 2.525175583e-05 -3.436196602
874
0.4328606246 -0.2683295592 5.874821526e-06 0.0003869509345 2.474551021e-05 -3.438024616
875
0.4323173742 -0.268755342 5.383798883e-06 0.0003773326973 2.423836419e-05 -3.439558195
876
0.4317855811 -0.2691810732 4.942574362e-06 0.0003676423944 2.381220117e-05 -3.440813282
877
0.4312648675 -0.2696066642 4.473673434e-06 0.0003584327707 2.332958509e-05 -3.441805064
878
0.4307548735 -0.2700320402 3.97413992e-06 0.0003497065314 2.281398778e-05 -3.442548034
879
0.4302552576 -0.2704571339 3.358019988e-06 0.0003420508843 2.214306281e-05 -3.443055956
880
0.4297656924 -0.2708818822 2.787502942e-06 0.000334202335 2.156874309e-05 -3.44334203
881
0.42928587 -0.2713062231 2.458417113e-06 0.0003247260632 2.132120828e-05 -3.443418669
882
0.4288154952 -0.2717300986 2.138682897e-06 0.0003155021228 2.106112954e-05 -3.443297762
883
0.428354286 -0.2721534594 1.68656079e-06 0.0003074268275 2.059733904e-05 -3.442990676
884
0.4279019779 -0.2725762496 1.28774858e-06 0.0002991879892 2.02366072e-05 -3.442508066
885
0.4274583148 -0.2729984381 8.729883543e-07 0.0002913144938 1.98273773e-05 -3.441860303
886
0.4270230556 -0.2734199709 4.836088761e-07 0.0002834564242 1.945848478e-05 -3.441057079
887
0.4265959716 -0.2738408004 6.737775434e-08 0.0002760467555 1.906359788e-05 -3.440107575
888
0.4261768401 -0.2742609088 -3.126250562e-07 0.0002684866359 1.872315931e-05 -3.439020849
889
0.4257654554 -0.2746802464 -7.682393872e-07 0.0002617349408 1.828550859e-05 -3.437805138
890
0.4253616186 -0.2750987894 -1.174393212e-06 0.0002547428556 1.79009125e-05 -3.436468509
891
0.4249651393 -0.2755165069 -1.486126204e-06 0.0002472798742 1.769038823e-05 -3.435018626
892
0.4245758396 -0.2759333679 -1.694377936e-06 0.0002391378882 1.75608003e-05 -3.43346268
893
0.4241935473 -0.2763493533 -2.168056624e-06 0.0002331830057 1.701684832e-05 -3.431807628
894
0.4238181002 -0.2767644245 -2.603242936e-06 0.0002272266664 1.660899673e-05 -3.430059977
895
0.4234493426 -0.2771785801 -2.971240081e-06 0.0002208976519 1.629918821e-05 -3.428226096
896
0.4230871284 -0.2775917875 -3.29434058e-06 0.0002142775624 1.604633092e-05 -3.42631184
897
0.4227313178 -0.2780040231 -3.594305156e-06 0.0002077079479 1.578446839e-05 -3.424322858
898
0.4223817748 -0.2784152786 -3.894852675e-06 0.0002012152607 1.549352613e-05 -3.422264669
899
0.4220383744 -0.2788255296 -4.270253548e-06 0.0001955477852 1.511777358e-05 -3.420142299
900
0.4217009954 -0.2792347696 -4.594626819e-06 0.000189628353 1.482486827e-05 -3.417960698
901
0.4213695229 -0.2796429719 -4.873204405e-06 0.0001835204278 1.460444296e-05 -3.415724459
902
0.4210438479 -0.2800501385 -5.147476587e-06 0.0001775194493 1.439369118e-05 -3.413438057
903
0.4207238665 -0.2804562441 -5.418718076e-06 0.0001715917198 1.410571484e-05 -3.411105656
904
0.4204094791 -0.2808612787 -5.711782707e-06 0.0001661001065 1.384420124e-05 -3.40873129
905
0.4201005908 -0.2812652446 -6.066993977e-06 0.0001612255462 1.352231472e-05 -3.406318855
906
0.4197971141 -0.2816681292 -6.411660252e-06 0.0001563349549 1.321475582e-05 -3.403871889
907
0.4194989641 -0.2820699083 -6.712087856e-06 0.0001512504735 1.296941722e-05 -3.401393793
908
0.4192060575 -0.2824705979 -7.003014054e-06 0.000146186235 1.270495411e-05 -3.398888034
909
0.418918319 -0.2828701738 -7.195064589e-06 0.000140468519 1.261798026e-05 -3.396357608
910
0.4186356752 -0.2832686376 -7.441847029e-06 0.0001353560774 1.239514762e-05 -3.393805539
911
0.4183580555 -0.2836659896 -7.675874519e-06 0.0001302233687 1.218570301e-05 -3.391234704
912
0.4180853964 -0.2840622196 -8.005796583e-06 0.0001260006675 1.185936432e-05 -3.388647716
913
0.4178176339 -0.2844573135 -8.159822939e-06 0.0001206438886 1.180933018e-05 -3.386047124
914
0.4175547072 -0.2848512939 -8.484281944e-06 0.0001166276824 1.148313278e-05 -3.383435522
915
0.4172965615 -0.285244127 -8.869409829e-06 0.0001131584814 1.10831147e-05 -3.38081504
916
0.4170431412 -0.2856358225 -9.041635099e-06 0.0001082266381 1.102183847e-05 -3.378187989
917
0.4167943938 -0.2860263963 -9.187064093e-06 0.0001030721353 1.096198212e-05 -3.375556586
918
0.416550274 -0.286415836 -9.323186161e-06 9.797986016e-05 1.089509406e-05 -3.372922686
919
0.4163107354 -0.2868041383 -9.580334042e-06 9.399054085e-05 1.064304723e-05 -3.370288189
920
0.4160757337 -0.2871913069 -9.914296097e-06 9.071880569e-05 1.029148676e-05 -3.367654942
921
0.4158452261 -0.2875773425 -1.019297644e-05 8.715811679e-05 1.006401362e-05 -3.365024712
922
0.4156191744 -0.2879622366 -1.038172733e-05 8.293685439e-05 9.938330451e-06 -3.362399051
923
0.4153975411 -0.2883459981 -1.049327792e-05 7.815793818e-05 9.90026371e-06 -3.359779562
924
0.4151802902 -0.2887286344 -1.073565439e-05 7.453602751e-05 9.651842803e-06 -3.357167767
925
0.4149673892 -0.289110136 -1.093933006e-05 7.080738665e-05 9.501263125e-06 -3.354564987
926
0.4147588045 -0.2894905129 -1.114471033e-05 6.713083595e-05 9.330479204e-06 -3.351972658
927
0.4145545062 -0.2898697711 -1.14364979e-05 6.422477901e-05 9.033103788e-06 -3.349392052
928
0.4143544658 -0.2902479062 -1.165122204e-05 6.08102596e-05 8.885283588e-06 -3.346824361
929
0.4141586574 -0.2906249266 -1.179140621e-05 5.683472306e-05 8.833105758e-06 -3.344270712
930
0.4139670537 -0.2910008428 -1.194904327e-05 5.308785483e-05 8.713107725e-06 -3.34173228
931
0.4137796331 -0.2913756427 -1.223225921e-05 5.039462899e-05 8.410402968e-06 -3.339209968
932
0.4135963692 -0.2917493366 -1.238703619e-05 4.681479721e-05 8.333566849e-06 -3.336704908
933
0.4134172419 -0.2921219364 -1.249275018e-05 4.295405206e-05 8.29912321e-06 -3.334218013
934
0.4132422318 -0.2924934268 -1.27256317e-05 4.014497531e-05 8.085213781e-06 -3.331750059
935
0.4130713151 -0.2928638429 -1.286838501e-05 3.677132021e-05 8.016615768e-06 -3.329302175
936
0.4129044784 -0.2932331709 -1.290288819e-05 3.26368927e-05 8.104182198e-06 -3.326874933
937
0.4127417017 -0.2936014196 -1.312191029e-05 3.000191697e-05 7.881734417e-06 -3.32446921
938
0.4125829692 -0.2939686018 -1.331040333e-05 2.721624833e-05 7.737250721e-06 -3.322085759
939
0.4124282673 -0.2943347103 -1.336158459e-05 2.345498175e-05 7.764565739e-06 -3.319725156
940
0.4122775799 -0.2946997584 -1.353246501e-05 2.0745109e-05 7.619763499e-06 -3.317388155
941
0.4121308931 -0.2950637554 -1.366172265e-05 1.778880046e-05 7.538427489e-06 -3.315075407
942
0.4119881948 -0.2954266953 -1.379493247e-05 1.498832218e-05 7.462935645e-06 -3.312787444
943
0.4118494712 -0.295788594 -1.398415605e-05 1.264814885e-05 7.294576839e-06 -3.31052493
944
0.4117147127 -0.2961494542 -1.413568683e-05 1.006761989e-05 7.197572889e-06 -3.308288338
945
0.4115839069 -0.2965092911 -1.436877642e-05 8.178392549e-06 6.965635397e-06 -3.306078271
946
0.4114570453 -0.2968681083 -1.463740536e-05 6.50879656e-06 6.706814478e-06 -3.30389517
947
0.4113341202 -0.2972259015 -1.480629796e-05 4.15589475e-06 6.608697792e-06 -3.301739393
948
0.4112151186 -0.2975826956 -1.485576281e-05 8.492995385e-07 6.67604458e-06 -3.299611605
949
0.4111000359 -0.2979384954 -1.488747943e-05 -2.510376404e-06 6.693728893e-06 -3.2975121
950
0.410988864 -0.2982933001 -1.505769313e-05 -4.637102458e-06 6.520423035e-06 -3.295441264
951
0.410881596 -0.298647126 -1.512394897e-05 -7.452503142e-06 6.527630282e-06 -3.293399515
952
0.4107782261 -0.2989999629 -1.52102881e-05 -1.005829184e-05 6.489818696e-06 -3.291387125
953
0.4106787454 -0.2993518327 -1.551060564e-05 -1.093405836e-05 6.157800929e-06 -3.28940458
954
0.4105831503 -0.2997027395 -1.576852441e-05 -1.227434833e-05 5.883779328e-06 -3.287452131
955
0.4104914347 -0.3000526897 -1.596229095e-05 -1.402963494e-05 5.745285767e-06 -3.285530122
956
0.4104035934 -0.3004017072 -1.596602234e-05 -1.719782895e-05 5.889760964e-06 -3.283638911
957
0.4103196232 -0.3007497933 -1.608109865e-05 -1.954929442e-05 5.772958948e-06 -3.281778734
958
0.4102395236 -0.3010969378 -1.612983547e-05 -2.227371967e-05 5.770930309e-06 -3.279949678
959
0.4101632864 -0.301443164 -1.621105954e-05 -2.458116869e-05 5.726383369e-06 -3.278152197
960
0.4100909095 -0.3017884765 -1.639217897e-05 -2.61151822e-05 5.530989694e-06 -3.276386489
961
0.4100223886 -0.3021328833 -1.63961714e-05 -2.896861346e-05 5.658439616e-06 -3.274652833
962
0.4099577224 -0.3024764025 -1.650964479e-05 -3.093484671e-05 5.574773847e-06 -3.272951439
963
0.4098969104 -0.3028190322 -1.661431221e-05 -3.2886395e-05 5.514637166e-06 -3.271282416
964
0.4098399487 -0.3031607826 -1.666223631e-05 -3.513144564e-05 5.567610469e-06 -3.269646042
965
0.4097868348 -0.3035016785 -1.686560467e-05 -3.621672388e-05 5.347699409e-06 -3.268042583
966
0.4097375704 -0.3038417086 -1.701823745e-05 -3.76856005e-05 5.211437693e-06 -3.266472053
967
0.4096921526 -0.3041808762 -1.711398276e-05 -3.960051359e-05 5.169007914e-06 -3.264934663
968
0.4096505794 -0.3045192176 -1.707288759e-05 -4.244708269e-05 5.333855834e-06 -3.263430697
969
0.4096128532 -0.304856723 -1.71528662e-05 -4.42622194e-05 5.279068352e-06 -3.261960154
970
0.4095789703 -0.3051934084 -1.734868818e-05 -4.516288411e-05 5.075336582e-06 -3.260523308
971
0.409548933 -0.3055292597 -1.739351129e-05 -4.720645627e-05 5.111086767e-06 -3.259120135
972
0.4095227388 -0.3058643208 -1.75626576e-05 -4.829154104e-05 4.939791466e-06 -3.257750977
973
0.4095003891 -0.3061985934 -1.758904473e-05 -5.04024868e-05 5.008288712e-06 -3.256415887
974
0.4094818862 -0.3065320692 -1.758370722e-05 -5.272624574e-05 5.106870911e-06 -3.255114866
975
0.409467228 -0.3068647637 -1.774434055e-05 -5.371334253e-05 4.934136052e-06 -3.253848148
976
0.4094564149 -0.3071967004 -1.790841708e-05 -5.466962149e-05 4.787518136e-06 -3.252615884
977
0.4094494499 -0.3075278701 -1.783664559e-05 -5.738599176e-05 4.98700143e-06 -3.251418061
978
0.4094463323 -0.3078582951 -1.798835945e-05 -5.82819136e-05 4.825180467e-06 -3.250254873
979
0.4094470646 -0.3081879732 -1.793342432e-05 -6.072394721e-05 5.017304753e-06 -3.249126339
980
0.4094516471 -0.3085169275 -1.824682883e-05 -6.034834349e-05 4.568428914e-06 -3.248032626
981
0.4094600811 -0.3088451677 -1.849419352e-05 -6.049895245e-05 4.317536844e-06 -3.246973834
982
0.409472371 -0.3091726942 -1.834135545e-05 -6.373432053e-05 4.71094918e-06 -3.245949923
983
0.4094885154 -0.3094995167 -1.855161146e-05 -6.415749992e-05 4.42308279e-06 -3.24496107
984
0.4095085191 -0.3098256495 -1.851032964e-05 -6.648347881e-05 4.600358511e-06 -3.244007277
985
0.4095323802 -0.3101511114 -1.860492871e-05 -6.770840361e-05 4.510029138e-06 -3.24308878
986
0.4095601064 -0.3104758841 -1.864137008e-05 -6.939399562e-05 4.513722437e-06 -3.242205373
987
0.4095916943 -0.3107999981 -1.882072966e-05 -6.983642026e-05 4.304210337e-06 -3.241357363
988
0.4096271496 -0.3111234597 -1.884657042e-05 -7.152560415e-05 4.361948774e-06 -3.240544705
989
0.409666472 -0.3114462891 -1.895346961e-05 -7.253968502e-05 4.27314564e-06 -3.239767576
990
0.4097096677 -0.3117684759 -1.899934298e-05 -7.403181741e-05 4.286299911e-06 -3.239025861
991
0.4097567369 -0.3120900398 -1.897842378e-05 -7.593526347e-05 4.372594244e-06 -3.238319714
992
0.4098076822 -0.3124109958 -1.910019669e-05 -7.672948879e-05 4.249614433e-06 -3.237649221
993
0.4098625084 -0.3127313413 -1.913125483e-05 -7.819147151e-05 4.263398537e-06 -3.237014326
994
0.409921215 -0.3130511078 -1.929946427e-05 -7.859235809e-05 4.062796963e-06 -3.236415256
995
0.4099838095 -0.3133702934 -1.925807962e-05 -8.048984648e-05 4.226737291e-06 -3.235851879
996
0.4100502934 -0.313688896 -1.938576292e-05 -8.111080385e-05 4.095908239e-06 -3.235324259
997
0.4101206679 -0.3140069542 -1.937575259e-05 -8.278604195e-05 4.177741295e-06 -3.234832597
998
0.4101949407 -0.3143244418 -1.941703367e-05 -8.399658349e-05 4.181764114e-06 -3.234376679
999
0.4102731084 -0.3146414058 -1.961115579e-05 -8.40461948e-05 3.952203596e-06 -3.233956866
1000
0.4103551821 -0.3149578311 -1.971705837e-05 -8.483519808e-05 3.852755196e-06 -3.233572886
1001
0.4104411618 -0.3152737095 -1.970198662e-05 -8.64850333e-05 3.962379397e-06 -3.233224827
1002
0.4105310451 -0.3155891257 -1.96938439e-05 -8.80012415e-05 4.056688585e-06 -3.232913144
1003
0.4106248478 -0.3159040077 -1.98492601e-05 -8.826718438e-05 3.842623509e-06 -3.23263724
1004
0.4107225649 -0.3162184006 -1.971363759e-05 -9.072452847e-05 4.164265768e-06 -3.232397529
1005
0.4108241994 -0.3165323361 -1.998213673e-05 -9.005177626e-05 3.781732396e-06 -3.232194135
1006
0.4109297621 -0.3168457791 -2.010478694e-05 -9.054060635e-05 3.673418438e-06 -3.23202673
1007
0.4110392506 -0.3171587751 -1.995827585e-05 -9.3054067e-05 4.020958999e-06 -3.231895653
1008
0.4111526709 -0.317471325 -2.002743431e-05 -9.392175978e-05 3.950204269e-06 -3.231800846
1009
0.411270028 -0.3177834393 -2.021382181e-05 -9.380689625e-05 3.707592717e-06 -3.231742304
1010
0.4113913249 -0.3180951317 -2.013796919e-05 -9.567002576e-05 3.956566057e-06 -3.231720108
1011
0.4115165686 -0.3184063979 -2.008024617e-05 -9.741971437e-05 4.098252539e-06 -3.231734149
1012
0.4116457576 -0.3187172782 -2.029966963e-05 -9.690533619e-05 3.794438629e-06 -3.231784718
1013
0.4117789018 -0.3190277636 -2.038865818e-05 -9.745903876e-05 3.742175309e-06 -3.231871617
1014
0.4119160059 -0.3193378441 -2.015524833e-05 -0.0001004539925 4.235820309e-06 -3.231994803
1015
0.4120570699 -0.3196475457 -2.007841113e-05 -0.0001021168815 4.417113583e-06 -3.232154472
1016
0.4122020957 -0.3199569044 -2.036045257e-05 -0.0001009101348 3.976063894e-06 -3.232350807
1017
0.4123510929 -0.3202659086 -2.040723221e-05 -0.0001017024684 3.985641551e-06 -3.23258361
1018
0.4125040679 -0.32057456 -2.055942532e-05 -0.0001016958721 3.797181379e-06 -3.232852811
1019
0.4126610182 -0.3208828983 -2.041970058e-05 -0.0001038559034 4.099395307e-06 -3.233158754
1020
0.4128219544 -0.3211909115 -2.063546774e-05 -0.0001032955244 3.796529904e-06 -3.233501202
1021
0.4129868779 -0.3214986272 -2.080448563e-05 -0.0001031502716 3.601449781e-06 -3.233880337
1022
0.4131557954 -0.321806042 -2.065634453e-05 -0.0001053806756 3.93688842e-06 -3.234296083
1023
0.4133287121 -0.3221131584 -2.052592701e-05 -0.0001074365474 4.205972727e-06 -3.23474842
1024
0.4135056303 -0.3224200036 -2.064211393e-05 -0.0001075198445 4.04422949e-06 -3.235237492
1025
0.4136865538 -0.3227266034 -2.071427709e-05 -0.0001079273003 4.01458219e-06 -3.235763397
1026
0.4138714915 -0.3230329491 -2.071020603e-05 -0.0001088698153 4.102541365e-06 -3.236325988
1027
0.4140604489 -0.3233390413 -2.085259232e-05 -0.000108672435 3.927055442e-06 -3.236925233
1028
0.4142534274 -0.3236449019 -2.089639261e-05 -0.0001093035151 3.90854728e-06 -3.237561302
1029
0.41445043 -0.3239505527 -2.09887707e-05 -0.0001096532387 3.823038507e-06 -3.238234309
1030
0.4146514662 -0.3242560129 -2.117405195e-05 -0.0001092460837 3.570106311e-06 -3.238944164
1031
0.4148565414 -0.3245612592 -2.124047511e-05 -0.0001098145463 3.533924332e-06 -3.239690789
1032
0.4150656593 -0.3248663097 -2.121659519e-05 -0.0001110951348 3.65918882e-06 -3.240474265
1033
0.4152788207 -0.3251711991 -2.112609216e-05 -0.0001128774406 3.856797093e-06 -3.24129481
1034
0.4154960355 -0.325475941 -2.106361374e-05 -0.0001142325665 4.012504866e-06 -3.242152311
1035
0.4157173087 -0.3257805347 -2.123506372e-05 -0.0001137967997 3.780975465e-06 -3.243046782
1036
0.415942648 -0.3260849734 -2.149088511e-05 -0.0001127306102 3.433785943e-06 -3.24397811
1037
0.4161720539 -0.3263892888 -2.130136453e-05 -0.0001151546969 3.843161599e-06 -3.244946529
1038
0.4164055329 -0.3266934853 -2.109619801e-05 -0.0001175960252 4.258211847e-06 -3.245952
1039
0.4166430892 -0.3269975872 -2.151326455e-05 -0.000115270014 3.597410413e-06 -3.246994621
1040
0.4168847301 -0.327301601 -2.152192897e-05 -0.0001160734938 3.695656672e-06 -3.248074349
1041
0.4171304617 -0.3276055453 -2.130461843e-05 -0.0001185354796 4.184883548e-06 -3.249191211
1042
0.4173802909 -0.3279094057 -2.138966982e-05 -0.0001187948936 4.039159788e-06 -3.250345122
1043
0.417634221 -0.3282132033 -2.142192625e-05 -0.0001193446915 3.989745983e-06 -3.251536196
1044
0.4178922526 -0.3285169799 -2.17309484e-05 -0.0001177354816 3.517936756e-06 -3.252764692
1045
0.4181543996 -0.328820728 -2.183832255e-05 -0.0001178560537 3.440708658e-06 -3.254030327
1046
0.4184206668 -0.3291244312 -2.166862976e-05 -0.0001201236219 3.81151204e-06 -3.255333094
1047
0.4186910546 -0.3294281305 -2.153850271e-05 -0.0001219496224 4.089149109e-06 -3.25667324
1048
0.4189655695 -0.3297318448 -2.160253271e-05 -0.0001221657734 4.038931653e-06 -3.25805079
1049
0.4192442197 -0.3300355801 -2.176115486e-05 -0.0001216757368 3.81318756e-06 -3.259465681
1050
0.4195270113 -0.3303393464 -2.183212044e-05 -0.0001218540213 3.829048864e-06 -3.260917932
1051
0.41981395 -0.3306431512 -2.177067518e-05 -0.0001231302808 3.99564845e-06 -3.262407562
1052
0.420105042 -0.3309469787 -2.180425226e-05 -0.000123683144 3.944358917e-06 -3.263934519
1053
0.4204002853 -0.3312509174 -2.204829299e-05 -0.0001226737568 3.589260448e-06 -3.265499247
1054
0.4206996969 -0.3315549239 -2.19377976e-05 -0.0001243473166 3.897176704e-06 -3.267101316
1055
0.4210032811 -0.3318589943 -2.195921222e-05 -0.0001249183439 3.904883115e-06 -3.268740756
1056
0.4213110371 -0.3321631808 -2.196223882e-05 -0.0001256514933 3.957949327e-06 -3.270417903
1057
0.4216229737 -0.3324675017 -2.201256523e-05 -0.0001260380593 3.911657479e-06 -3.272132713
1058
0.4219391006 -0.33277194 -2.208148861e-05 -0.000126219265 3.856494297e-06 -3.273885039
1059
0.4222594217 -0.333076515 -2.21148592e-05 -0.000126713959 3.865677678e-06 -3.275674993
1060
0.4225839393 -0.3333812522 -2.200631093e-05 -0.0001282913181 4.124999999e-06 -3.277502762
1061
0.4229126653 -0.3336861585 -2.209181788e-05 -0.0001282699007 4.001782281e-06 -3.279368173
1062
0.4232456036 -0.3339912351 -2.213143013e-05 -0.0001285699921 4.007749659e-06 -3.281271316
1063
0.42358276 -0.3342965061 -2.172278356e-05 -0.0001323063704 4.830365834e-06 -3.283212247
1064
0.423924139 -0.3346019954 -2.195026758e-05 -0.0001309235212 4.448700319e-06 -3.285191079
1065
0.4242697548 -0.3349076679 -2.239961504e-05 -0.0001280974816 3.70050178e-06 -3.287207503
1066
0.4246196011 -0.3352135972 -2.213475882e-05 -0.0001309036399 4.277978896e-06 -3.28926206
1067
0.424973692 -0.3355197719 -2.191286736e-05 -0.0001331204391 4.738504262e-06 -3.291354502
1068
0.4253320332 -0.3358261847 -2.230915617e-05 -0.000130606513 4.016296684e-06 -3.293484844
1069
0.425694628 -0.3361328979 -2.226076231e-05 -0.0001316455937 4.190167528e-06 -3.295653303
1070
0.4260614897 -0.336439872 -2.236039913e-05 -0.0001315547987 4.056134416e-06 -3.297859602
1071
0.4264326171 -0.3367471548 -2.251435179e-05 -0.0001309765717 3.86521699e-06 -3.30010408
1072
0.4268080198 -0.3370547551 -2.262753453e-05 -0.0001309695809 3.716256463e-06 -3.302386687
1073
0.4271877068 -0.3373626654 -2.268165704e-05 -0.0001314623587 3.631015179e-06 -3.304707318
1074
0.4275716791 -0.3376709429 -2.250484401e-05 -0.0001335240402 3.99457957e-06 -3.30706628
1075
0.4279599529 -0.3379795421 -2.258819285e-05 -0.0001334980967 3.934161204e-06 -3.309463194
1076
0.4283525257 -0.3382885028 -2.25852148e-05 -0.0001342023089 3.993727401e-06 -3.311898435
1077
0.4287494042 -0.3385978673 -2.271670593e-05 -0.0001338397058 3.835431741e-06 -3.314372081
1078
0.4291506009 -0.3389076026 -2.262563297e-05 -0.0001352187347 4.09480254e-06 -3.316883911
1079
0.4295561159 -0.3392177556 -2.27755842e-05 -0.0001346855648 3.856453174e-06 -3.319434229
1080
0.4299659605 -0.3395283326 -2.289474167e-05 -0.0001345525596 3.769073463e-06 -3.322022916
1081
0.4303801401 -0.3398393521 -2.266552781e-05 -0.000136947333 4.286686378e-06 -3.324650075
1082
0.4307986637 -0.3401508098 -2.282200121e-05 -0.000136317539 4.057506229e-06 -3.327315638
1083
0.4312215359 -0.3404627254 -2.285244679e-05 -0.0001367840882 4.062046413e-06 -3.330019717
1084
0.4316487636 -0.3407751287 -2.296669217e-05 -0.0001365557121 3.910713638e-06 -3.332762387
1085
0.4320803533 -0.3410880263 -2.273128954e-05 -0.0001389712811 4.439590311e-06 -3.335543681
1086
0.4325163138 -0.3414014254 -2.300577401e-05 -0.0001374702106 3.971047279e-06 -3.338363591
1087
0.432956649 -0.3417153511 -2.279026154e-05 -0.0001397307473 4.472892308e-06 -3.341222252
1088
0.433401372 -0.3420298034 -2.293219103e-05 -0.0001392203724 4.264649299e-06 -3.344119509
1089
0.4338504815 -0.3423448163 -2.28403358e-05 -0.0001403962236 4.491020344e-06 -3.347055687
1090
0.4343039928 -0.342660379 -2.300957202e-05 -0.0001396796106 4.237536129e-06 -3.350030528
1091
0.4347619063 -0.3429765272 -2.281818413e-05 -0.0001416767315 4.686456604e-06 -3.353044317
1092
0.435224231 -0.3432932779 -2.264209017e-05 -0.000143505506 5.053247886e-06 -3.356097051
1093
0.435690977 -0.3436106275 -2.287366439e-05 -0.0001419455169 4.666407299e-06 -3.359188659
1094
0.4361621487 -0.343928594 -2.315295135e-05 -0.0001403239306 4.231140268e-06 -3.362319271
1095
0.4366377519 -0.3442472167 -2.315513374e-05 -0.0001409062584 4.320908771e-06 -3.365489008
1096
0.4371177958 -0.3445665021 -2.316088871e-05 -0.0001414767061 4.373572082e-06 -3.368697861
1097
0.4376022903 -0.3448864413 -2.303620845e-05 -0.0001430747436 4.667327639e-06 -3.371945739
1098
0.4380912428 -0.3452070518 -2.302451743e-05 -0.0001436747892 4.738166045e-06 -3.375232704
1099
0.4385846539 -0.3455283735 -2.298362362e-05 -0.0001444298218 4.884414091e-06 -3.378559037
1100
0.4390825348 -0.3458504056 -2.315578139e-05 -0.0001435433288 4.60247412e-06 -3.381924648
1101
0.4395848917 -0.3461731827 -2.314827859e-05 -0.0001440535727 4.691586046e-06 -3.385329638
1102
0.4400917368 -0.346496686 -2.353466925e-05 -0.0001416924968 4.043816231e-06 -3.388773875
1103
0.4406030693 -0.3468209703 -2.336753367e-05 -0.0001437560618 4.462037192e-06 -3.392257712
1104
0.4411189054 -0.3471460302 -2.322289391e-05 -0.0001454499097 4.766565347e-06 -3.395780912
1105
0.4416392465 -0.3474718958 -2.347738638e-05 -0.0001440315156 4.31709252e-06 -3.399343724
1106
0.4421641075 -0.3477985387 -2.359755055e-05 -0.0001437614514 4.176832535e-06 -3.402945909
1107
0.4426934851 -0.3481260377 -2.363120925e-05 -0.0001442813982 4.159538891e-06 -3.406587947
1108
0.4432273976 -0.3484543613 -2.335376833e-05 -0.0001470312679 4.773803562e-06 -3.410269491
1109
0.4437658466 -0.3487835466 -2.328272819e-05 -0.0001479645937 4.961271594e-06 -3.413990814
1110
0.4443088375 -0.3491136127 -2.33794176e-05 -0.0001475691145 4.861358319e-06 -3.417752025
1111
0.4448563866 -0.349444541 -2.377195983e-05 -0.0001451662514 4.200537815e-06 -3.421552874
1112
0.4454084909 -0.3497763974 -2.353129532e-05 -0.0001476161394 4.765122803e-06 -3.425393808
1113
0.4459651619 -0.3501092037 -2.360668901e-05 -0.000147649717 4.702955737e-06 -3.429274776
1114
0.4465264126 -0.35044294 -2.351324869e-05 -0.0001489988937 4.925834272e-06 -3.433195623
1115
0.4470922525 -0.3507776082 -2.355400688e-05 -0.0001491814284 4.899672727e-06 -3.437156352
1116
0.4476626793 -0.3511132669 -2.392372999e-05 -0.0001468675373 4.261244963e-06 -3.441157358
1117
0.4482377039 -0.3514499319 -2.37951289e-05 -0.0001485071675 4.547289115e-06 -3.445198613
1118
0.4488173386 -0.3517876024 -2.365397838e-05 -0.0001500989684 4.903415509e-06 -3.449280019
1119
0.4494015903 -0.3521262918 -2.395168816e-05 -0.0001484036891 4.435113466e-06 -3.453401656
1120
0.4499904652 -0.3524660277 -2.378673185e-05 -0.0001503231367 4.838801765e-06 -3.457563648
1121
0.4505839739 -0.3528068115 -2.370768453e-05 -0.0001514985608 5.055265487e-06 -3.461765955
1122
0.4511821157 -0.3531487126 -2.375257441e-05 -0.0001515775497 5.030212072e-06 -3.466008972
1123
0.4517849106 -0.353491698 -2.391288376e-05 -0.0001507474849 4.817654975e-06 -3.470292322
1124
0.4523923649 -0.3538357712 -2.384022525e-05 -0.0001518954112 5.036880608e-06 -3.474616106
1125
0.4530044818 -0.3541809815 -2.373966559e-05 -0.0001531158553 5.291662611e-06 -3.478980583
1126
0.4536212669 -0.3545273512 -2.387872438e-05 -0.000152544849 5.120798464e-06 -3.483385876
1127
0.4542427287 -0.3548749162 -2.388097774e-05 -0.0001529886765 5.163864001e-06 -3.487832048
1128
0.4548688837 -0.3552236634 -2.409746757e-05 -0.0001518041679 4.800832372e-06 -3.492318894
1129
0.4554997422 -0.3555735859 -2.40958567e-05 -0.0001524325019 4.905019783e-06 -3.496846393
1130
0.4561353004 -0.355924745 -2.39960549e-05 -0.0001538516475 5.173271149e-06 -3.501415007
1131
0.4567755746 -0.3562771321 -2.391165464e-05 -0.0001549861597 5.400059179e-06 -3.506024537
1132
0.4574205623 -0.3566308189 -2.405300094e-05 -0.0001542344913 5.19483236e-06 -3.510675399
1133
0.4580702858 -0.35698578 -2.404862957e-05 -0.000154812289 5.282936614e-06 -3.515367224
1134
0.4587247508 -0.3573420155 -2.400469388e-05 -0.0001556013111 5.460761072e-06 -3.520100117
1135
0.4593839614 -0.3576995737 -2.413498451e-05 -0.0001550465474 5.270176353e-06 -3.524874316
1136
0.460047926 -0.3580584753 -2.426039909e-05 -0.0001546023327 5.121802659e-06 -3.529689883
1137
0.4607166512 -0.35841876 -2.440935984e-05 -0.0001540362314 4.877705891e-06 -3.534546956
1138
0.4613901499 -0.3587804278 -2.430545096e-05 -0.0001556810347 5.16186717e-06 -3.539445464
1139
0.4620684338 -0.3591434861 -2.42793062e-05 -0.0001563860174 5.266993517e-06 -3.544385358
1140
0.4627515107 -0.3595079447 -2.419902706e-05 -0.0001574443184 5.473858591e-06 -3.549366734
1141
0.4634393855 -0.3598738358 -2.444023446e-05 -0.0001560983951 5.094283436e-06 -3.554389771
1142
0.4641320626 -0.3602412029 -2.486547889e-05 -0.0001534541866 4.357431423e-06 -3.559454685
1143
0.4648295539 -0.3606100534 -2.459688925e-05 -0.000156530308 5.034460523e-06 -3.564561412
1144
0.465531876 -0.3609803772 -2.418900446e-05 -0.0001602388312 5.928785765e-06 -3.569709799
1145
0.4662390271 -0.3613522422 -2.452526838e-05 -0.0001580323713 5.262076739e-06 -3.574900249
1146
0.4669510202 -0.361725646 -2.474901867e-05 -0.0001568259121 4.921088987e-06 -3.580132695
1147
0.4676678669 -0.362100603 -2.523984949e-05 -0.0001540000061 4.046109573e-06 -3.585407119
1148
0.4683895693 -0.3624771508 -2.476172199e-05 -0.0001586743379 5.112349092e-06 -3.590723783
1149
0.4691161385 -0.3628553258 -2.431249638e-05 -0.0001625846425 6.080420777e-06 -3.596082733
1150
0.4698475896 -0.363235117 -2.492227505e-05 -0.0001582250578 4.969266063e-06 -3.601483827
1151
0.4705839269 -0.3636165614 -2.539118101e-05 -0.0001554136079 4.173496043e-06 -3.606927295
1152
0.4713251629 -0.3639996576 -2.53416385e-05 -0.0001569129996 4.392255536e-06 -3.612413062
1153
0.4720713029 -0.3643844503 -2.482720631e-05 -0.0001618135811 5.540771142e-06 -3.617941351
1154
0.4728223524 -0.3647709685 -2.446115708e-05 -0.0001651193759 6.34749334e-06 -3.623512333
1155
0.4735783271 -0.3651592218 -2.456127363e-05 -0.0001645009346 6.172398858e-06 -3.629125883
1156
0.4743392293 -0.3655492624 -2.509005675e-05 -0.0001608543324 5.156200469e-06 -3.634782305
1157
0.4751050787 -0.3659410681 -2.544224954e-05 -0.0001590332747 4.57885815e-06 -3.640481333
1158
0.4758758834 -0.3663346504 -2.488561332e-05 -0.0001640693512 5.832836797e-06 -3.646223061
1159
0.4766516368 -0.3667301085 -2.487868892e-05 -0.0001645738844 5.88789975e-06 -3.652008066
1160
0.4774323611 -0.3671274324 -2.503415465e-05 -0.0001639488907 5.695681039e-06 -3.657836048
1161
0.4782180739 -0.3675265946 -2.498981967e-05 -0.0001649467239 5.904594399e-06 -3.663706812
1162
0.479008766 -0.3679276754 -2.479550881e-05 -0.000166763676 6.364888955e-06 -3.669620997
1163
0.479804452 -0.3683307092 -2.512728248e-05 -0.0001644490363 5.734406431e-06 -3.675578517
1164
0.4806051558 -0.3687356573 -2.521540021e-05 -0.0001644033017 5.689848781e-06 -3.681579047
1165
0.4814108653 -0.3691426174 -2.524774713e-05 -0.0001646943573 5.682133645e-06 -3.687623294
1166
0.4822216082 -0.3695515523 -2.476872158e-05 -0.0001690425048 6.812759172e-06 -3.693710784
1167
0.4830373774 -0.3699625525 -2.521202855e-05 -0.000165802448 5.894306169e-06 -3.699842119
1168
0.4838582022 -0.3703755703 -2.578640503e-05 -0.0001620998821 4.801125509e-06 -3.706016768
1169
0.484684072 -0.370790701 -2.559162825e-05 -0.000164597466 5.319079916e-06 -3.712235439
1170
0.4855150072 -0.3712079472 -2.583286811e-05 -0.0001635966335 4.904916635e-06 -3.718497885
1171
0.4863510244 -0.3716273062 -2.54325153e-05 -0.0001676471628 5.857934871e-06 -3.724803982
1172
0.487192116 -0.3720488666 -2.578012104e-05 -0.0001656521655 5.21384316e-06 -3.731154355
1173
0.4880383069 -0.3724726079 -2.571706049e-05 -0.0001669638289 5.482747482e-06 -3.737548612
1174
0.4888896098 -0.3728985448 -2.529628814e-05 -0.0001708007891 6.447397221e-06 -3.743986785
1175
0.4897460236 -0.3733267307 -2.493563233e-05 -0.0001738094179 7.290439997e-06 -3.750469256
1176
0.4906075501 -0.3737572413 -2.444815338e-05 -0.0001773090739 8.336167029e-06 -3.756996364
1177
0.4914742317 -0.374189984 -2.483750713e-05 -0.0001740488565 7.621310568e-06 -3.763567241
1178
0.492346051 -0.3746250651 -2.449055569e-05 -0.0001765589645 8.408048925e-06 -3.770182763
1179
0.4932230075 -0.3750625743 -2.447454383e-05 -0.0001763829863 8.465826634e-06 -3.776843344
1180
0.494105134 -0.3755024943 -2.51364839e-05 -0.0001710945124 7.114138922e-06 -3.783548414
1181
0.4949924376 -0.3759448456 -2.561963461e-05 -0.0001681031697 6.242191852e-06 -3.790298165
1182
0.4958849249 -0.376389708 -2.599666644e-05 -0.0001662104722 5.52784309e-06 -3.797092831
1183
0.4967826263 -0.3768370186 -2.6406601e-05 -0.0001644298975 4.708976908e-06 -3.803931904
1184
0.4976855335 -0.3772868514 -2.624588778e-05 -0.0001668719575 5.096663141e-06 -3.810815982
1185
0.4985936576 -0.3777392786 -2.584680748e-05 -0.0001709876171 6.030232413e-06 -3.817745222
1186
0.4995070116 -0.3781942912 -2.590866648e-05 -0.0001710276754 5.965935281e-06 -3.82471957
1187
0.500425604 -0.3786519601 -2.614378614e-05 -0.0001699742915 5.624458344e-06 -3.831739221
1188
0.501349444 -0.3791123288 -2.5812877e-05 -0.0001733761983 6.423049483e-06 -3.838804291
1189
0.5022785533 -0.3795753932 -2.614108999e-05 -0.0001713306725 5.804829144e-06 -3.84591458
1190
0.5032129238 -0.380041287 -2.634897358e-05 -0.0001709391102 5.588892368e-06 -3.853070754
1191
0.5041525991 -0.3805099346 -2.557902319e-05 -0.0001773278932 7.280342508e-06 -3.860271992
1192
0.5050975747 -0.3809814002 -2.553901307e-05 -0.0001777606327 7.455570359e-06 -3.86751881
1193
0.5060478404 -0.3814558296 -2.603119383e-05 -0.0001743255344 6.508208041e-06 -3.874811915
1194
0.5070034329 -0.3819332051 -2.626008038e-05 -0.0001733663041 6.165923948e-06 -3.882150723
1195
0.5079643712 -0.3824135304 -2.650911399e-05 -0.0001722518786 5.745031813e-06 -3.889535105
1196
0.5089306749 -0.3828968153 -2.549484892e-05 -0.000180871722 8.043141053e-06 -3.896964996
1197
0.5099023017 -0.3833832966 -2.38209985e-05 -0.0001929660294 1.158992827e-05 -3.904441964
1198
0.5108793169 -0.3838728801 -2.366491185e-05 -0.0001923151184 1.184114545e-05 -3.911964627
1199
0.5118616958 -0.3843657589 -2.365434394e-05 -0.0001909199374 1.196069614e-05 -3.919534148
1200
0.5128494775 -0.3848619275 -2.601033935e-05 -0.0001727240569 7.119650627e-06 -3.927149901
1201
0.5138426868 -0.3853614117 -2.749282315e-05 -0.0001624436904 3.910877704e-06 -3.934811696
1202
0.5148413248 -0.3858642967 -2.646808601e-05 -0.0001722546924 6.186403686e-06 -3.94251993
1203
0.5158454074 -0.3863706526 -2.603208472e-05 -0.0001766442569 7.139947411e-06 -3.950274656
1204
0.516854944 -0.3868805884 -2.60469885e-05 -0.000177233063 7.162829593e-06 -3.958076145
1205
0.5178699497 -0.3873941613 -2.630925481e-05 -0.0001759487673 6.670529998e-06 -3.965924391
1206
0.518890423 -0.3879115492 -2.713192246e-05 -0.0001703345829 4.899174851e-06 -3.97381997
1207
0.5199164103 -0.3884328004 -2.777851802e-05 -0.0001673573215 3.747439629e-06 -3.9817622
1208
0.5209479442 -0.3889578896 -2.777744906e-05 -0.0001691275058 3.869090253e-06 -3.989750674
1209
0.5219849342 -0.3894873483 -2.793171546e-05 -0.0001698360569 3.704248683e-06 -3.997788365
1210
0.5230275142 -0.3900210019 -2.746888361e-05 -0.000175795448 5.158206712e-06 -4.005872247
1211
0.5240756668 -0.3905590379 -2.773146332e-05 -0.0001747373251 4.505781108e-06 -4.01400332
1212
0.5251293788 -0.3911018074 -2.667588267e-05 -0.00018339769 6.883773597e-06 -4.02218259
1213
0.5261886837 -0.3916495225 -2.619018061e-05 -0.0001875275943 8.262065955e-06 -4.030409834
1214
0.5272535609 -0.3922025549 -2.542359933e-05 -0.0001930116949 1.009154875e-05 -4.038686095
1215
0.5283241343 -0.3927609548 -2.755007801e-05 -0.0001762996768 5.451500417e-06 -4.047008942
1216
0.5294002137 -0.3933256868 -2.568856683e-05 -0.0001917738975 9.926290333e-06 -4.055383874
1217
0.5304819799 -0.3938969142 -2.839942742e-05 -0.0001699095383 3.524152118e-06 -4.063806983
1218
0.5315692383 -0.3944758842 -3.076975416e-05 -0.000154987005 -1.269029875e-06 -4.072283997
1219
0.5326620922 -0.3950632705 -2.772556582e-05 -0.0001818978911 5.889495107e-06 -4.080812944
1220
0.533760265 -0.3956612759 -3.328140872e-05 -0.000142492757 -6.120456628e-06 -4.089401891
1221
0.5348628015 -0.3962742508 2.404846309e-05 -0.000575169403 0.0001246900325 -4.098073706
1222
0.5359711274 -0.3969024977 -3.498828473e-06 -0.0003240795116 6.03351709e-05 -4.106795574
1223
0.5370802341 -0.3975637305 3.456236486e-05 -0.0005619929521 0.0001351483611 -4.115690079
1224
0.538002829 -0.3997913276 -0.0001101423113 0.0005231699547 -0.0001793951138 -4.122713323
1225
0.5359937209 -0.3882161731 -7.81737523e-05 0.0002106320201 -0.0001108565161 -4.167161503
1226
0.5303916838 -0.3773980354 0.0002039370579 -0.001930539935 0.0005187393121 -4.270514443
1227
0.5256530014 -0.3664403155 0.000196822545 -0.001436349443 0.0003981215784 -4.342981308
1228
0.5213213654 -0.356809033 0.000327377276 -0.00171087427 0.0003503815077 -4.407394175
1229
0.517305197 -0.3486372432 0.0006229263516 -0.003439324034 0.0006651174378 -4.467339211
1230
0.513588339 -0.3417106532 0.0004073694735 -0.001703505891 2.934562774e-05 -4.522433968
1231
0.510137662 -0.3358268866 0.0004595535307 -0.001271333369 -0.0002344899669 -4.573011317
1232
0.506969261 -0.3307927686 0.0004469833521 -0.001095959622 -0.0003367718182 -4.617721441
1233
0.5040420774 -0.3264676509 0.000422908591 -0.0003304392726 -0.0006936831014 -4.657425698
1234
0.5013504173 -0.3227391452 0.0004246737559 -0.0001362286421 -0.0008274175949 -4.69184229
1235
0.4988496834 -0.3195271931 0.0005032658647 0.0003044948438 -0.0012541472 -4.722178578
1236
0.4965512277 -0.3167532104 0.000639633702 -0.0005481925532 -0.001145808595 -4.747684736
1237
0.4944309429 -0.314350182 0.000454215242 0.000563139818 -0.00154137049 -4.768907501
1238
0.492446321 -0.312279701 0.0003892245021 0.001296495653 -0.001683106427 -4.787146002
1239
0.4905732774 -0.3105089753 0.0004637996875 0.001763331029 -0.001947652698 -4.803073543
1240
0.488836069 -0.3089937767 0.0005475991774 0.001175669915 -0.001902797699 -4.815640481
1241
0.4871715362 -0.3077185293 0.001004449584 -0.000544270332 -0.001669933576 -4.826968045
1242
0.485642159 -0.3066167199 0.0007557445358 0.0009256833046 -0.002391097706 -4.834593687
1243
0.4841545824 -0.3056952844 0.001025457249 0.0005803206413 -0.002579313535 -4.84178607
1244
0.4827814726 -0.3049112816 0.0008069471578 0.001758776175 -0.003070916592 -4.845828656
1245
0.4814176859 -0.3042741327 0.00107723307 0.001962657947 -0.003468989049 -4.850402329
1246
0.4801375413 -0.3037538002 0.001199504526 0.001917180334 -0.004010894354 -4.852785533
1247
0.4788936397 -0.3033393845 0.001445189338 0.001746711533 -0.004471071264 -4.85458001
1248
0.4777490005 -0.302995314 0.001160727046 0.003119008281 -0.005236232261 -4.853458993
1249
0.476586166 -0.3027361159 0.001255110859 0.004253298157 -0.005438113085 -4.853546383
1250
0.4755083583 -0.3025414769 0.001180930602 0.004366467246 -0.005765720301 -4.851169264
1251
0.4744334911 -0.3024091346 0.001309704794 0.0045156558 -0.00578397319 -4.849165507
1252
0.4733944511 -0.3023278515 0.001216155901 0.0057680825 -0.006089284951 -4.846343561
1253
0.4723293552 -0.3023266477 0.001785358665 0.004629452958 -0.006081528656 -4.844940588
1254
0.4713581759 -0.3023434387 0.001932202617 0.003345686238 -0.006161837037 -4.840565957
1255
0.4704226537 -0.3023736401 0.001541287114 0.005786164694 -0.006892670836 -4.835251847
1256
0.4694676753 -0.302438483 0.001422712785 0.007883010524 -0.007353759267 -4.830960247
1257
0.4685602116 -0.3025261733 0.001220076704 0.008856711341 -0.007314549941 -4.825323114
1258
0.4676051987 -0.3026568953 0.001448744405 0.009348916071 -0.007084062039 -4.821694557
1259
0.4666988442 -0.302813736 0.001543154935 0.009182285167 -0.007457098777 -4.816678597
1260
0.4657619793 -0.3030094287 0.002168472743 0.007349366569 -0.007198225616 -4.813052912
1261
0.4649280441 -0.3031857688 0.001909090451 0.008014243461 -0.007984790786 -4.806020463
1262
0.4640829411 -0.3033635041 0.001698881454 0.009642468113 -0.008167756411 -4.799604212
1263
0.463235024 -0.3035559889 0.001568594205 0.01106250637 -0.008174028028 -4.793545196
1264
0.4624042195 -0.3037576804 0.001404832727 0.01217561256 -0.00821216789 -4.787130744
1265
0.4615472899 -0.3039792345 0.001429093924 0.01334160642 -0.008410368989 -4.78188294
1266
0.4607283025 -0.3042092157 0.001505640795 0.01260576435 -0.008056739707 -4.775550409
1267
0.4599145924 -0.3044410314 0.001429421231 0.01317710058 -0.007983047296 -4.769251687
1268
0.4590949422 -0.3046873254 0.001588393966 0.012705044 -0.007645556477 -4.763400948
1269
0.4582946441 -0.3049358515 0.001787811738 0.01142147966 -0.007055235111 -4.757085855
1270
0.4574879052 -0.3051948249 0.002037413147 0.01067701486 -0.006641756216 -4.75123044
1271
0.4567278619 -0.305463075 0.002631376652 0.006063579955 -0.004510834098 -4.743992879
1272
0.4559562339 -0.3057170849 0.002559981915 0.007364837583 -0.004261389014 -4.737319384
1273
0.4551728754 -0.3059688481 0.002647497562 0.008165432402 -0.003901094649 -4.731235106
1274
0.4544151189 -0.3062290112 0.003058691727 0.00579195306 -0.00232393098 -4.724490166
1275
0.4536519503 -0.3064757867 0.002866408887 0.008187017286 -0.002630197464 -4.718092609
1276
0.4528957287 -0.3067223527 0.002491793091 0.01157580211 -0.003444650543 -4.711652493
1277
0.4521478238 -0.3069920641 0.002907569247 0.009156587944 -0.001925917775 -4.705186133
1278
0.4514041371 -0.3072649242 0.00292893742 0.009673119784 -0.001614628654 -4.698782686
1279
0.4506568487 -0.3075142569 0.002605355469 0.01275039803 -0.002460681506 -4.692624628
1280
0.4499243473 -0.3077843477 0.003030615695 0.01012285142 -0.00100409575 -4.686212664
1281
0.4491938079 -0.3080502288 0.003290014134 0.009074031158 -9.31289438e-05 -4.6799136
1282
0.4484657853 -0.3083005351 0.0033950357 0.009137742289 0.0003105723137 -4.673675592
1283
0.4477460636 -0.3085721942 0.003645076215 0.008379424811 0.00112744393 -4.667411584
1284
0.4470305351 -0.3088487936 0.004031164967 0.006851916397 0.002295056813 -4.661208596
1285
0.4463141145 -0.3090829014 0.003541787345 0.01141946157 0.0007770251478 -4.655108831
1286
0.4456121836 -0.3093747128 0.004375678594 0.00664384349 0.003305458434 -4.648866561
1287
0.4449048399 -0.3096130648 0.004169670524 0.009401117707 0.002548489362 -4.642850469
1288
0.4442036018 -0.3098403336 0.003832798571 0.01287048274 0.00143242658 -4.636787929
1289
0.4435123609 -0.3101073587 0.004378497809 0.01007702208 0.003037200123 -4.630683571
1290
0.4428192531 -0.310342966 0.004326324138 0.01160157221 0.002719478182 -4.62474511
1291
0.4421302101 -0.3105593938 0.003413468237 0.0186673811 -0.0002435998917 -4.61881679
1292
0.4414485556 -0.3107940788 0.003544280577 0.01800456412 0.0001443702316 -4.612867715
1293
0.4407697529 -0.311025271 0.003386696117 0.01940663749 -0.0004113132074 -4.607002686
1294
0.4400965692 -0.311262653 0.003229318081 0.02058044001 -0.0009608171126 -4.601155279
1295
0.4394271269 -0.3114956044 0.003076454414 0.0216155115 -0.001464577207 -4.595357201
1296
0.4387654402 -0.3117506142 0.003508348383 0.01875256607 -0.0001056201496 -4.589538663
1297
0.4381060771 -0.3119956103 0.003923909873 0.016409294 0.001156521123 -4.583799466
1298
0.4374485537 -0.3122111749 0.00360044285 0.01918344382 2.417387125e-05 -4.578117457
1299
0.4367996555 -0.312446037 0.00386790534 0.01773445015 0.0008334457232 -4.572381252
1300
0.43615282 -0.3126697104 0.003405207227 0.02131940471 -0.0007300964949 -4.566739963
1301
0.4355141253 -0.3129183857 0.003829983132 0.01878164264 0.0006207793687 -4.561067285
1302
0.4348746547 -0.3131351296 0.003660480149 0.02039827242 -1.17406475e-05 -4.555527527
1303
0.4342418771 -0.3133537631 0.003640551395 0.02077089 -0.0001437076595 -4.549958313
1304
0.4336140473 -0.3135775864 0.00362149635 0.02116247503 -0.0002500816292 -4.544420973
1305
0.4329887579 -0.3137877882 0.002954822501 0.02575615109 -0.002480186605 -4.538958609
1306
0.4323695557 -0.3140072034 0.003105918039 0.02451481758 -0.001930178481 -4.533491063
1307
0.431753723 -0.3142217938 0.002972088833 0.02528130118 -0.002362615609 -4.528086372
1308
0.4311424059 -0.3144331858 0.002504195885 0.02808832368 -0.003879733482 -4.52271321
1309
0.430535928 -0.3146470902 0.002522886685 0.02739814226 -0.003708051849 -4.51736382
1310
0.4299349078 -0.3148694877 0.002743336265 0.02544051503 -0.002887264011 -4.512035791
1311
0.4293374658 -0.3150871052 0.002821847937 0.02460694531 -0.002566295098 -4.50676123
1312
0.4287439362 -0.315296469 0.002821955241 0.02441321143 -0.002497236766 -4.501522082
1313
0.4281550438 -0.3155022275 0.002587672617 0.02581023666 -0.003225049015 -4.496307645
1314
0.4275712314 -0.3157114035 0.002459898815 0.02632185731 -0.003557187223 -4.491115837
1315
0.4269917467 -0.3159218318 0.002454556364 0.0259668282 -0.003456299189 -4.485963552
1316
0.4264166549 -0.3161325741 0.002758377613 0.02368281798 -0.002313724924 -4.48084572
1317
0.425844808 -0.3163314261 0.002404620611 0.02580817383 -0.003471181769 -4.475784285
1318
0.4252800018 -0.3165466128 0.002777192202 0.02310622791 -0.00207618956 -4.470701423
1319
0.4247168942 -0.3167459998 0.00267440441 0.0236565312 -0.002379701255 -4.465713973
1320
0.4241588028 -0.31694243 0.002676956312 0.02351717003 -0.00230173342 -4.46073588
1321
0.4236063653 -0.3171471159 0.002710840389 0.02317472351 -0.002126596839 -4.455772171
1322
0.4230579248 -0.3173526147 0.002886909164 0.02197388384 -0.001458591098 -4.450857054
1323
0.4225149103 -0.317565272 0.003172410455 0.02020776903 -0.0004473781341 -4.445958564
1324
0.4219731215 -0.3177530008 0.00286722842 0.02241665549 -0.001540881195 -4.44115376
1325
0.421437009 -0.3179391892 0.00273173867 0.02331109399 -0.001978988257 -4.436339304
1326
0.420906037 -0.3181319943 0.002732387248 0.02318089065 -0.001923583829 -4.431550123
1327
0.4203779538 -0.3183162299 0.002384473905 0.02526397078 -0.00312434555 -4.426832891
1328
0.4198554123 -0.3185067167 0.002357259933 0.02507242081 -0.003128450793 -4.422123491
1329
0.4193366332 -0.3186956903 0.002526066626 0.02364348751 -0.002426641938 -4.417463664
1330
0.418822048 -0.318880425 0.002303072226 0.02480423064 -0.00318406034 -4.412844373
1331
0.4183129139 -0.3190724115 0.002610074215 0.02255136575 -0.001983757821 -4.408233719
1332
0.4178062062 -0.3192493043 0.002191928935 0.02502397908 -0.003457729002 -4.403702064
1333
0.4173052585 -0.3194311607 0.002364472572 0.02357573299 -0.002700426172 -4.399164331
1334
0.4168083503 -0.3196116122 0.002236211801 0.02409163887 -0.003096813955 -4.394676059
1335
0.4163175734 -0.3198066926 0.002689930167 0.02096038311 -0.001344175317 -4.390186115
1336
0.4158284184 -0.3199835643 0.002709689043 0.02076846945 -0.001275162632 -4.385794343
1337
0.4153440741 -0.3201527466 0.002320112013 0.02323382041 -0.002673066299 -4.381414561
1338
0.4148646666 -0.3203240261 0.002327774692 0.02295775964 -0.002546934804 -4.377053139
1339
0.4143898253 -0.3204992062 0.002480834271 0.02175886106 -0.001905168609 -4.372726484
1340
0.4139185136 -0.3206688228 0.002375552185 0.02229080905 -0.002257313467 -4.368456288
1341
0.4134518329 -0.3208371485 0.002162854021 0.02341002592 -0.002976326028 -4.364212274
1342
0.4129895479 -0.3210050546 0.00202985524 0.02392949649 -0.00336897562 -4.360001529
1343
0.4125316155 -0.3211723096 0.001942272381 0.02405002696 -0.003580385892 -4.355826088
1344
0.4120788931 -0.321346236 0.00220858481 0.02193282849 -0.002459333391 -4.351667211
1345
0.4116294908 -0.3215123797 0.002046231938 0.0226540322 -0.003011179496 -4.347570434
1346
0.411185832 -0.3216856424 0.00228587122 0.0208837104 -0.00200434534 -4.343471603
1347
0.4107465637 -0.3218612689 0.002581034611 0.01895182067 -0.0008448080793 -4.339411129
1348
0.4103098322 -0.3220191455 0.002055104966 0.02224254485 -0.002844088125 -4.335425543
1349
0.4098785851 -0.3221776983 0.00199240984 0.0223776488 -0.002955106979 -4.331436196
1350
0.4094512694 -0.3223332896 0.001764887569 0.02343279959 -0.003712037838 -4.327493929
1351
0.409029357 -0.3224982582 0.002056004295 0.02123484611 -0.002448659291 -4.323561856
1352
0.4086104291 -0.3226547763 0.001825322761 0.02235432867 -0.00327288093 -4.319703735
1353
0.4081988186 -0.3228325517 0.002429567848 0.01832655352 -0.0008244364784 -4.315809248
1354
0.407788214 -0.3229890004 0.002199091236 0.0197280357 -0.001738986739 -4.312035523
1355
0.4073832718 -0.3231444772 0.002346591578 0.01874600875 -0.00110284018 -4.308249319
1356
0.4069823302 -0.3232951016 0.00208651054 0.02033223546 -0.002086624415 -4.304508359
1357
0.4065861285 -0.3234473277 0.002013193329 0.02062423943 -0.002296516024 -4.300792472
1358
0.4061940894 -0.3235997192 0.002035839042 0.02030859701 -0.002123138872 -4.297115753
1359
0.4058061204 -0.3237491616 0.001887734442 0.02098850215 -0.002640068468 -4.293482545
1360
0.4054225463 -0.3238968226 0.001701058646 0.02180822511 -0.003276297739 -4.289882003
1361
0.405045484 -0.3240628741 0.002161804383 0.01866035404 -0.001329826018 -4.286265849
1362
0.4046721843 -0.3242316401 0.002605644284 0.01596996491 0.0004228695922 -4.282707941
1363
0.404301008 -0.3243782449 0.002590452177 0.01628892229 0.0002824155403 -4.279232383
1364
0.4039363323 -0.3245286915 0.002448160569 0.01738843151 -0.0003219896747 -4.275731648
1365
0.4035744148 -0.3246670011 0.001982233594 0.02029566483 -0.002181053272 -4.272305472
1366
0.403217804 -0.3248090781 0.001990743594 0.02003030205 -0.002051512712 -4.268885084
1367
0.4028648434 -0.3249480451 0.001771511525 0.02109858391 -0.002863516533 -4.265520301
1368
0.402517116 -0.3250943069 0.001833929064 0.0203868771 -0.002504768915 -4.262168631
1369
0.4021726923 -0.3252345924 0.001740420413 0.02060921086 -0.002809609605 -4.25888132
1370
0.4018340034 -0.3253833598 0.002000276756 0.01872901037 -0.001662831722 -4.255592027
1371
0.4015008211 -0.325538298 0.002261108865 0.01706911033 -0.000572584678 -4.252319385
1372
0.4011689064 -0.3256749008 0.002016019816 0.01853160428 -0.00159566747 -4.249154614
1373
0.4008424151 -0.3258082547 0.001837007513 0.01949909584 -0.002259530261 -4.245985756
1374
0.400520795 -0.3259448403 0.001853129039 0.01919696016 -0.002095674976 -4.242838227
1375
0.400202859 -0.3260774272 0.001645126547 0.0201948677 -0.002876706296 -4.239746115
1376
0.3998901168 -0.3262162292 0.001808389505 0.01892383788 -0.002080350945 -4.236664762
1377
0.399580582 -0.326346797 0.001547978094 0.02020679988 -0.003094338639 -4.233652059
1378
0.3992760591 -0.3264781385 0.001453767848 0.02037822762 -0.003348161262 -4.230653249
1379
0.3989768772 -0.3266190117 0.001741974527 0.01829340281 -0.002012860839 -4.227664217
1380
0.3986806418 -0.3267507652 0.001622002512 0.01876926036 -0.00245156104 -4.2247501
1381
0.3983892941 -0.3268805649 0.001521806654 0.01909325318 -0.002767354105 -4.221852706
1382
0.3981028623 -0.3270136421 0.001599830878 0.01833577892 -0.002313960587 -4.21897487
1383
0.3978211472 -0.3271509657 0.001690693273 0.01758063773 -0.001851375549 -4.216125916
1384
0.3975424901 -0.3272772034 0.00146531639 0.01869839153 -0.002726362314 -4.213345508
1385
0.3972689489 -0.3274027655 0.001349606177 0.0190632606 -0.003083347843 -4.210575935
1386
0.3969998683 -0.3275289396 0.001310685148 0.01892051227 -0.003101296573 -4.20783821
1387
0.3967351996 -0.3276559162 0.001303240658 0.01857890332 -0.002992781411 -4.20513507
1388
0.396474774 -0.3277815658 0.00125581753 0.01847110133 -0.003062186089 -4.20247093
1389
0.3962186435 -0.3279050516 0.001176561948 0.01854222886 -0.003256613829 -4.199842497
1390
0.3959671482 -0.3280291442 0.001154551482 0.01826682639 -0.003193578571 -4.197240846
1391
0.3957200742 -0.328153303 0.00115022319 0.01788672551 -0.003059383837 -4.194673312
1392
0.3954776218 -0.3282788505 0.001189260568 0.01727934447 -0.002747081787 -4.192134495
1393
0.3952395606 -0.3284045349 0.001218208187 0.01679874328 -0.00249173024 -4.189629351
1394
0.3950058751 -0.3285286408 0.001202840401 0.01660489001 -0.00243926432 -4.187159571
1395
0.3947768495 -0.3286534561 0.001335637508 0.0155723843 -0.001741814002 -4.184714944
1396
0.3945523866 -0.3287791847 0.001492607414 0.01453464461 -0.0009809992336 -4.182300761
1397
0.3943326403 -0.3289068021 0.001510862279 0.01438368903 -0.0008675426122 -4.179914798
1398
0.3941165375 -0.3290273011 0.00140330984 0.0149723944 -0.001293319772 -4.177582854
1399
0.3939057805 -0.3291516956 0.001455727534 0.01460640931 -0.0009911547177 -4.175256572
1400
0.3937026345 -0.3292878595 0.002028270725 0.01139741853 0.00155861079 -4.172898511
1401
0.3935049835 -0.3294229821 0.002401110319 0.00962769771 0.003052199315 -4.170578237
1402
0.3933049515 -0.3295399263 0.002231339873 0.01112131089 0.002122534371 -4.168433514
1403
0.393111112 -0.3296527502 0.00194248526 0.01319177728 0.0007494813714 -4.166265316
1404
0.3929217915 -0.3297633974 0.00155285065 0.01554522002 -0.0009955833045 -4.164129792
1405
0.3927371222 -0.3298774292 0.00150500133 0.01571234093 -0.001137344 -4.162019017
1406
0.3925562524 -0.3299882739 0.001301434083 0.01664046587 -0.001995771412 -4.15996317
1407
0.3923801757 -0.3301011554 0.001234723168 0.01668941907 -0.002200983743 -4.157930201
1408
0.3922089698 -0.3302200804 0.001349389285 0.01573233318 -0.001591746854 -4.155917262
1409
0.3920413021 -0.3303331196 0.001264340237 0.01595625845 -0.001920811881 -4.153965968
1410
0.3918793074 -0.3304528729 0.001408958897 0.01489869598 -0.001189999387 -4.152012437
1411
0.3917208442 -0.3305671242 0.001480291032 0.01437143506 -0.0008286054657 -4.150118516
1412
0.3915680023 -0.330687966 0.001722291076 0.01297653659 0.0002795139056 -4.148224307
1413
0.3914188035 -0.3308032922 0.001589821509 0.01377474486 -0.0003572637516 -4.146390559
1414
0.391274217 -0.3309162325 0.001741460052 0.01297047759 0.0003506061631 -4.144581458
1415
0.3911349869 -0.3310362198 0.002039984653 0.01151919107 0.001675245957 -4.142778911
1416
0.3909998621 -0.331155799 0.002035507181 0.01184105859 0.001524454605 -4.141026566
1417
0.3908679707 -0.3312611254 0.001584848683 0.01453943517 -0.0006203518708 -4.139346125
1418
0.3907416373 -0.3313682474 0.001523884745 0.01484703965 -0.0008408176973 -4.137662426
1419
0.3906194831 -0.3314746051 0.001404678352 0.01536739342 -0.001345113723 -4.136023145
1420
0.3905026038 -0.3315905836 0.001715296978 0.01351972658 0.000145752329 -4.134389401
1421
0.3903885838 -0.3316957203 0.00140312674 0.01518927493 -0.001343101238 -4.13284489
1422
0.3902797359 -0.3318001697 0.001254015073 0.01583412734 -0.001955897148 -4.13131051
1423
0.390177033 -0.3319216949 0.001686064201 0.01329913968 0.0001433047562 -4.129755705
1424
0.3900762486 -0.332027656 0.001517690373 0.01419516194 -0.0006898139778 -4.128317609
1425
0.3899810028 -0.3321323997 0.001456817453 0.01449604566 -0.0009398263696 -4.126878947
1426
0.3898902974 -0.332236156 0.001335488817 0.01505524042 -0.001461337503 -4.125474681
1427
0.3898041841 -0.3323410049 0.001271879297 0.01523068925 -0.001681708212 -4.12410075
1428
0.3897227949 -0.3324494347 0.001352526373 0.01459313849 -0.00121576091 -4.122752665
1429
0.3896457881 -0.3325586836 0.001352518532 0.01444912109 -0.001169043805 -4.121443038
1430
0.3895729679 -0.3326643592 0.001399442223 0.01404405134 -0.0008985757382 -4.120176696
1431
0.3895048969 -0.3327689473 0.001311727518 0.01442520906 -0.001274381873 -4.118938028
1432
0.3894420284 -0.3328794761 0.001397878304 0.01385035668 -0.0007961993546 -4.117710428
1433
0.3893826497 -0.3329825467 0.001220975801 0.01468734356 -0.001608184765 -4.116552552
1434
0.3893299425 -0.3331027655 0.00168413717 0.0121166109 0.0006827336075 -4.11535422
1435
0.3892791538 -0.3332061839 0.001499976412 0.01317085248 -0.0002701746896 -4.11427783
1436
0.3892338898 -0.3333064899 0.001283905292 0.01432849168 -0.001278611185 -4.113204623
1437
0.3891935066 -0.3334084626 0.001244816591 0.01440926982 -0.00137886871 -4.112153761
1438
0.3891574333 -0.3335104734 0.001154914258 0.01471481178 -0.001732901049 -4.111144147
1439
0.3891256447 -0.3336104744 0.001042021903 0.01507759325 -0.002177073182 -4.110176996
1440
0.3890984946 -0.3337104664 0.0009649163973 0.01519659636 -0.002425326325 -4.109240458
1441
0.389076468 -0.333816995 0.001105431033 0.01415878769 -0.001612057474 -4.10831696
1442
0.3890586421 -0.3339239646 0.001149135406 0.01372488125 -0.001331278976 -4.107439492
1443
0.3890451125 -0.3340270782 0.001102479282 0.0137907572 -0.001487117729 -4.106605546
1444
0.3890368979 -0.3341342633 0.001173058438 0.0132816102 -0.001063275598 -4.105780472
1445
0.3890330021 -0.334240803 0.001198425729 0.01303764971 -0.0008849073005 -4.104997949
1446
0.3890333914 -0.3343430211 0.001139441155 0.01324761398 -0.001117018747 -4.104259496
1447
0.3890385552 -0.3344432498 0.001030995881 0.01367747807 -0.001577427265 -4.103551383
1448
0.3890497951 -0.3345587218 0.001465623505 0.01129572746 0.0006452309392 -4.102821771
1449
0.3890634732 -0.3346617524 0.001383303862 0.0117749145 0.0001770393242 -4.102200379
1450
0.38908287 -0.3347660381 0.001289433033 0.01231895088 -0.0002846234039 -4.101577828
1451
0.3891064897 -0.3348674075 0.001322657544 0.01217871393 -8.518197147e-05 -4.100999775
1452
0.3891351871 -0.3349715736 0.001256739213 0.01251915217 -0.0004033816953 -4.100442548
1453
0.3891680689 -0.3350738009 0.001262069384 0.01244437181 -0.0003441842899 -4.09993228
1454
0.3892063027 -0.3351824651 0.001364989023 0.01187726854 0.0001862999865 -4.099430589
1455
0.3892537001 -0.3352932967 0.001594170296 0.01076278309 0.001303948052 -4.098889317
1456
0.3892999716 -0.33540811 0.001891459301 0.009440772566 0.002686127248 -4.098488154
1457
0.3893503562 -0.33550874 0.001753207602 0.01049013786 0.00182801945 -4.098144771
1458
0.3894063593 -0.3356067956 0.001643565998 0.01133881677 0.001197629646 -4.097806114
1459
0.389467684 -0.3357101525 0.001519664606 0.01212156892 0.0005226552118 -4.097480389
1460
0.3895329744 -0.3358128441 0.001675032994 0.01147230219 0.001294773025 -4.097204234
1461
0.3896030081 -0.3359157441 0.001670268811 0.01161192994 0.001187981921 -4.096962559
1462
0.3896847107 -0.3360272542 0.00191527295 0.01056382511 0.002338132293 -4.096623541
1463
0.389763376 -0.3361347526 0.001952718205 0.01060970822 0.002368207623 -4.096484784
1464
0.389847187 -0.3362448916 0.002005395775 0.01061996416 0.002483208071 -4.096347887
1465
0.3899347379 -0.3363407652 0.001541140111 0.01318743985 -5.475744448e-06 -4.096285656
1466
0.3900282132 -0.3364382457 0.001389080733 0.01395476058 -0.0007432585694 -4.096216462
1467
0.3901316995 -0.3365471253 0.001654601411 0.0125766164 0.0006533116041 -4.096072978
1468
0.3902324677 -0.3366468557 0.00134019363 0.01412804646 -0.001020912712 -4.096136293
1469
0.3903393584 -0.3367453586 0.001193426619 0.01471253138 -0.001700989348 -4.096188009
1470
0.3904520032 -0.3368531182 0.001338900307 0.01378760015 -0.00086405638 -4.096233954
1471
0.390568125 -0.3369544433 0.001232962688 0.01415088418 -0.001375766093 -4.096356591
1472
0.3906893475 -0.3370537385 0.001097298296 0.01464142008 -0.002002576313 -4.096504172
1473
0.3908162394 -0.3371622793 0.00125678439 0.01366141977 -0.001067948396 -4.096646583
1474
0.3909467428 -0.3372650363 0.001193242723 0.01380588173 -0.001354369728 -4.096864525
1475
0.3910822977 -0.3373656042 0.001063575925 0.01427175649 -0.001953237872 -4.097109856
1476
0.3912228461 -0.3374669972 0.00100053875 0.01435654918 -0.002159879792 -4.097380299
1477
0.3913681247 -0.3375692448 0.0009644894743 0.0142780032 -0.002219358358 -4.097684813
1478
0.3915183569 -0.337675316 0.001113644589 0.01330180751 -0.001317275366 -4.098011708
1479
0.391672903 -0.3377787748 0.0009990374278 0.01368556704 -0.001853512778 -4.098391863
1480
0.3918329537 -0.3378881034 0.001085172924 0.01309699068 -0.001290714924 -4.098776541
1481
0.3919972956 -0.3379961231 0.001209553695 0.01234449202 -0.0005735902169 -4.099211434
1482
0.3921663211 -0.3381006626 0.001059965701 0.01299198619 -0.001328873314 -4.099689395
1483
0.3923404545 -0.3382053471 0.0009752725561 0.01327477656 -0.001676529992 -4.100191215
1484
0.3925200791 -0.3383188552 0.001135803123 0.01236815362 -0.0007265298837 -4.100695695
1485
0.3927031381 -0.338423754 0.0009805167454 0.01300482888 -0.001502922964 -4.101286322
1486
0.3928917398 -0.3385291362 0.0009113319394 0.01317599985 -0.0017605216 -4.101888356
1487
0.393085851 -0.3386436139 0.001087585567 0.01217395091 -0.000717353457 -4.102492656
1488
0.3932834366 -0.3387504789 0.0009648752549 0.01264835919 -0.001325886468 -4.103181267
1489
0.3934865766 -0.3388585721 0.0009372872471 0.0126403945 -0.001376467883 -4.103881002
1490
0.3936944421 -0.3389663615 0.0008823029356 0.01273469072 -0.001573474739 -4.104619679
1491
0.3939071751 -0.3390748246 0.0008485008354 0.0127051238 -0.001643775338 -4.105391122
1492
0.3941246125 -0.3391827777 0.0007950922777 0.01275523515 -0.001813477639 -4.106201822
1493
0.3943470392 -0.3392924203 0.0007864619507 0.01258484182 -0.001733882532 -4.107040668
1494
0.3945748485 -0.3394102619 0.000985889545 0.01146537345 -0.0005495338207 -4.10788727
1495
0.3948066092 -0.3395233557 0.0009566537991 0.01149018755 -0.0006819198424 -4.108805466
1496
0.3950434438 -0.3396338826 0.0008539264717 0.01187902353 -0.001172785008 -4.109754617
1497
0.3952860485 -0.3397522975 0.00100148665 0.01108629174 -0.0002814026892 -4.110700881
1498
0.3955356812 -0.3398807112 0.001383684229 0.009317375792 0.001788015149 -4.11163117
1499
0.3957872309 -0.3400067753 0.001675139754 0.008174152813 0.003234155658 -4.112666826
1500
0.3960428917 -0.3401185974 0.001439041645 0.009557802487 0.001765164811 -4.113778594
1501
0.3963045345 -0.3402278365 0.001127603692 0.01120119226 2.720996873e-05 -4.114897165
1502
0.3965713984 -0.3403397951 0.001036792748 0.01163470249 -0.0004022052092 -4.116037002
1503
0.3968428855 -0.3404541398 0.001012768228 0.01168682944 -0.0004700213452 -4.117216195
1504
0.3971196165 -0.3405763193 0.001134299436 0.01105359351 0.0002336797253 -4.118410043
1505
0.3973999788 -0.3406904245 0.0009784165716 0.01171512262 -0.0006199820509 -4.119689992
1506
0.3976865595 -0.3408119056 0.001120892424 0.01097554713 0.0002228021136 -4.120955653
1507
0.3979769453 -0.3409263249 0.000941013679 0.01174280675 -0.0007658927972 -4.122303108
1508
0.3982734754 -0.341049135 0.001044425734 0.0111913803 -0.0001218876725 -4.123636014
1509
0.3985740227 -0.3411675888 0.0009706159772 0.01143878198 -0.0005116647878 -4.125042119
1510
0.3988804788 -0.3412937043 0.001111899481 0.01072456111 0.0003168296584 -4.12644288
1511
0.3991906766 -0.3414119366 0.000963947152 0.01136031533 -0.0005045436313 -4.127928948
1512
0.399506916 -0.3415354062 0.001049664574 0.0109144896 3.31944216e-05 -4.129409807
1513
0.3998279412 -0.3416618869 0.001271378622 0.009890529399 0.001270684871 -4.130927056
1514
0.4001534219 -0.3417839528 0.001131727112 0.01057719972 0.0004270436369 -4.132506746
1515
0.400484083 -0.3419034417 0.0009400170452 0.0114539086 -0.0006264406932 -4.134121996
1516
0.4008200321 -0.342024711 0.0008424042826 0.01181363613 -0.001083962406 -4.135760927
1517
0.4011609167 -0.342147783 0.0007971745389 0.01186128348 -0.001234154416 -4.137435541
1518
0.401507207 -0.342278589 0.001080008675 0.01044135084 0.0004406563277 -4.139120217
1519
0.4018575075 -0.3424038477 0.0009083142233 0.01115673842 -0.0005489594588 -4.140884598
1520
0.4022135773 -0.3425324862 0.0009191385943 0.01104513717 -0.0004185051573 -4.14265564
1521
0.4025744622 -0.3426604079 0.000875579284 0.01115065844 -0.0006110223511 -4.144473027
1522
0.402940484 -0.3427882451 0.0008032482698 0.01135744686 -0.0009501154571 -4.1463257
1523
0.4033121078 -0.3429235383 0.001073716828 0.01005186396 0.0006588078166 -4.148183228
1524
0.4036878803 -0.3430544729 0.0009662764121 0.01052703004 1.884309194e-05 -4.150115291
1525
0.4040693841 -0.343187492 0.000940537268 0.0106042843 -9.726279589e-05 -4.15206257
1526
0.4044560973 -0.3433245435 0.0009829236503 0.01039302321 0.0001834271718 -4.154034714
1527
0.4048480012 -0.3434667215 0.001134934415 0.009730465293 0.001060176492 -4.156031406
1528
0.4052439159 -0.3435991077 0.0009272978902 0.01066982316 -0.0001651824291 -4.158117993
1529
0.4056464099 -0.343739502 0.001029737632 0.01021459712 0.0004751160379 -4.160181541
1530
0.4060528056 -0.3438726254 0.0008619328599 0.01091594568 -0.0004790023073 -4.162333805
1531
0.4064651711 -0.3440098651 0.0008630772579 0.01083939299 -0.0003964671934 -4.164489577
1532
0.4068821965 -0.3441460824 0.0007814702895 0.01109006198 -0.0008019010334 -4.166699431
1533
0.4073045137 -0.3442835873 0.0007338210734 0.01115308053 -0.0009871117462 -4.16894076
1534
0.4077324774 -0.344429918 0.0009167281769 0.01023210611 0.0001544664674 -4.171186765
1535
0.4081644178 -0.3445703204 0.0008046060854 0.01064088542 -0.0004820174725 -4.173518525
1536
0.4086025884 -0.3447176872 0.0009016414857 0.0101667885 0.0001423004055 -4.175841765
1537
0.4090451999 -0.3448615556 0.00085322635 0.01031357217 -0.0001143910821 -4.178233422
1538
0.4094934642 -0.3450073297 0.0008615506818 0.01022511906 -2.387898716e-05 -4.180646076
1539
0.4099467289 -0.345153389 0.0008369569861 0.01029044218 -0.0001235704347 -4.183100526
1540
0.4104051587 -0.3452987341 0.000751091102 0.01058552909 -0.0005710556224 -4.185597238
1541
0.4108691609 -0.3454478059 0.0007677521874 0.01041076132 -0.0003957854999 -4.188114715
1542
0.4113379835 -0.3455962524 0.000717281993 0.01051193278 -0.0006241739535 -4.190683755
1543
0.4118145234 -0.3457619089 0.001152952839 0.008639162704 0.001972392811 -4.193196104
1544
0.4122923958 -0.3459129016 0.0009111037887 0.009708241841 0.0004449091589 -4.195881339
1545
0.412777064 -0.3460632822 0.0007898706655 0.01022042584 -0.0002259825967 -4.198559936
1546
0.4132672478 -0.3462155556 0.0007288267966 0.01040920302 -0.0005074607822 -4.201265913
1547
0.4137625501 -0.3463691728 0.000684010149 0.01048414086 -0.0006844601715 -4.204012248
1548
0.4142637075 -0.3465336914 0.0008904705937 0.009534889056 0.0006034542378 -4.206755482
1549
0.4147692001 -0.3466980305 0.001013689857 0.009018711166 0.001311874112 -4.209565467
1550
0.4152801909 -0.3468633402 0.001056049871 0.008922552267 0.001503313559 -4.212407858
1551
0.4157963583 -0.347026103 0.001210600665 0.008414534579 0.002355034426 -4.215298119
1552
0.4163180981 -0.3471877366 0.00113211869 0.008865181688 0.00177366146 -4.218227127
1553
0.4168451036 -0.3473478389 0.0009051265112 0.009895304752 0.0003885781473 -4.221201065
1554
0.4173776962 -0.347511211 0.0008509857587 0.0101344099 0.0001222817605 -4.224197749
1555
0.4179157018 -0.3476806084 0.0009428885654 0.009723984276 0.0007139868664 -4.227217712
1556
0.4184583996 -0.3478482292 0.0008917841132 0.009896788652 0.0004045553978 -4.230302372
1557
0.4190066909 -0.348016533 0.0008101655088 0.01018459286 -6.148852095e-05 -4.233419582
1558
0.4195604323 -0.3481868574 0.0007900137613 0.01019738286 -0.000124356965 -4.236568547
1559
0.4201200559 -0.3483666061 0.0009612669134 0.009453524462 0.0009370552308 -4.239720493
1560
0.4206837578 -0.3485383202 0.0008060679816 0.01004727861 -1.68832664e-05 -4.242972336
1561
0.4212537243 -0.3487113599 0.0007346391901 0.01026677307 -0.0003857077904 -4.246236249
1562
0.4218290861 -0.3488861954 0.0006902854234 0.01034927322 -0.0005701137816 -4.249536065
1563
0.4224098408 -0.3490637152 0.0006845395254 0.010259616 -0.0005174325186 -4.252870402
1564
0.4229959724 -0.3492438861 0.0006982067438 0.01008763254 -0.000359623988 -4.256241177
1565
0.4235880578 -0.3494347139 0.0009972384737 0.008834472771 0.001487600924 -4.25961012
1566
0.4241842896 -0.3496189967 0.0009985625873 0.00886185959 0.001418372254 -4.263076079
1567
0.4247871545 -0.3498112219 0.001155984168 0.008375490194 0.002320148509 -4.266527245
1568
0.4253944689 -0.349995628 0.001008689847 0.009073268982 0.001321174508 -4.270073707
1569
0.426008014 -0.3501806042 0.0008485048817 0.009772328653 0.0003454237169 -4.273638494
1570
0.4266271224 -0.3503677328 0.000753877741 0.01012077609 -0.0001721882691 -4.277237115
1571
0.4272516366 -0.3505576914 0.0007262358591 0.01014476206 -0.0002594048781 -4.280872219
1572
0.4278815475 -0.3507500166 0.0006969482248 0.01014640194 -0.0003718334739 -4.284547771
1573
0.4285168059 -0.3509439108 0.0006617261952 0.01016997386 -0.0005104975511 -4.288264877
1574
0.4291576966 -0.3511407579 0.0006677487076 0.01002523802 -0.0003926065703 -4.292013649
1575
0.4298039621 -0.3513382432 0.0006331183133 0.01003347573 -0.0005324901123 -4.295808803
1576
0.4304558062 -0.3515366762 0.0005829134603 0.0100980068 -0.0007523818661 -4.29964302
1577
0.4311139939 -0.3517476687 0.0008821081234 0.00885343904 0.00116441455 -4.303461326
1578
0.4317762273 -0.3519511377 0.0007513794625 0.009330775037 0.0003164520222 -4.307390395
1579
0.4324447981 -0.3521545353 0.0006422943038 0.009715145038 -0.0003058387204 -4.311340486
1580
0.4331193541 -0.3523622914 0.0006405229683 0.009643107877 -0.0002296080893 -4.315310525
1581
0.4337991718 -0.352571685 0.0006214151099 0.009631010452 -0.0002709778872 -4.319328544
1582
0.4344845715 -0.3527824987 0.0005888602269 0.009653370539 -0.0003960589365 -4.323387624
1583
0.4351757022 -0.3529963073 0.0005936479385 0.00952485122 -0.0002831122449 -4.327479081
1584
0.4358723653 -0.3532128016 0.0006068296612 0.009376792583 -0.0001265245754 -4.331609033
1585
0.4365745719 -0.3534304494 0.0005857021655 0.00936304428 -0.0001930551782 -4.335783402
1586
0.437282468 -0.3536496177 0.0005588476559 0.009370632828 -0.0002840696849 -4.339996418
1587
0.4379961921 -0.3538722838 0.0005835698486 0.009180428375 -5.02318714e-05 -4.344239341
1588
0.4387153609 -0.3540960633 0.0005624019902 0.009172418622 -0.0001174728684 -4.348530285
1589
0.4394404134 -0.3543241307 0.0006074753316 0.008928923704 0.000234241754 -4.35284683
1590
0.4401708616 -0.3545526583 0.000599208858 0.008898937705 0.0002332308779 -4.357215769
1591
0.4409072133 -0.3547839361 0.0005982263057 0.008854162089 0.0002763655682 -4.361616598
1592
0.4416492191 -0.3550167008 0.0005794232475 0.008865242983 0.0002083319519 -4.366060697
1593
0.4423975967 -0.3552616549 0.0008890036335 0.007714758105 0.002185516197 -4.370492428
1594
0.4431501766 -0.3554983231 0.0007301644144 0.008345546037 0.001096908051 -4.375042494
1595
0.4439093382 -0.3557346346 0.0006034628415 0.008834172482 0.0003242888345 -4.379614954
1596
0.4446749752 -0.3559810935 0.0008790006662 0.00783419537 0.002115234779 -4.384178489
1597
0.4454452536 -0.3562239822 0.0007262311847 0.008430862748 0.001071782488 -4.388836351
1598
0.4462227982 -0.3564858953 0.001161895696 0.006959958085 0.003810422719 -4.393433387
1599
0.4470036889 -0.356734655 0.001072374974 0.007466129977 0.003038777537 -4.398192075
1600
0.4477917818 -0.3569841368 0.001000953842 0.007910575596 0.002476936026 -4.402955393
1601
0.4485869442 -0.3572451607 0.001109054536 0.007701352007 0.003080425824 -4.407699772
1602
0.4493865205 -0.357505465 0.001107359432 0.007892131703 0.002946581218 -4.412531934
1603
0.450191289 -0.3577596193 0.0008929557893 0.008783258963 0.001483767408 -4.417446437
1604
0.4510029227 -0.3580201434 0.001054405417 0.008340814788 0.002511238612 -4.422353748
1605
0.4518198431 -0.3582793974 0.0008635000758 0.009078647587 0.001199991141 -4.427334697
1606
0.4526432803 -0.3585483377 0.0009439843984 0.008822235834 0.001717271078 -4.432310759
1607
0.4534715198 -0.358814063 0.0008440164148 0.009186325788 0.001038007438 -4.437377805
1608
0.4543060916 -0.3590815418 0.0007362863445 0.009535406489 0.0003656062032 -4.442474665
1609
0.4551470387 -0.3593588266 0.001000443925 0.008576073758 0.002096985858 -4.447570862
1610
0.4559930549 -0.3596328582 0.0008533925445 0.009104783017 0.001069099892 -4.452757567
1611
0.4568452251 -0.3599098566 0.0007837353724 0.009363910208 0.0006324346559 -4.457972324
1612
0.4577033288 -0.3601882205 0.0006868275166 0.009662572295 4.848108605e-05 -4.463232438
1613
0.4585676238 -0.3604713532 0.000682939914 0.009590169463 9.459325971e-05 -4.468518991
1614
0.4594375675 -0.3607563659 0.0006410527429 0.009635514324 -0.0001148077841 -4.473857709
1615
0.4603138325 -0.3610503133 0.0007660597686 0.009141277325 0.0007592124307 -4.47920292
1616
0.4611953147 -0.3613430736 0.0008589697153 0.008775085708 0.001352679466 -4.484624882
1617
0.4620829886 -0.3616350117 0.0007118187564 0.009268645646 0.0003752048982 -4.490097195
1618
0.4629771244 -0.3619309819 0.0006523145905 0.009433880564 4.825642542e-05 -4.495592396
1619
0.4638770729 -0.3622299404 0.0006115455578 0.009508228278 -0.0001368652419 -4.501132413
1620
0.4647835329 -0.3625413234 0.0008187244996 0.008762602908 0.001271348333 -4.506664321
1621
0.4656951926 -0.3628579867 0.001093849613 0.00790141582 0.00300529197 -4.51225063
1622
0.4666121554 -0.3631660802 0.0008998737985 0.008649071378 0.001592360368 -4.517945118
1623
0.4675362692 -0.3634757645 0.0008071184268 0.009043433783 0.0009837964247 -4.523653307
1624
0.4684666066 -0.3637879209 0.0007053870224 0.009389418818 0.0003515331276 -4.529401537
1625
0.4694030023 -0.3641043003 0.0006760663491 0.009437781277 0.0002301465628 -4.535186443
1626
0.4703452756 -0.3644246584 0.0006625207059 0.009419429297 0.0002037903472 -4.541015111
1627
0.4712934355 -0.3647472322 0.0006124321172 0.009501995789 -6.303294584e-05 -4.546894559
1628
0.4722478566 -0.3650745007 0.0006163395474 0.00939505455 3.940796624e-05 -4.552805395
1629
0.4732082156 -0.3654046948 0.0006105138591 0.00932463894 6.78203365e-05 -4.558764123
1630
0.4741746928 -0.3657384081 0.0006114572343 0.009237563516 0.0001406369316 -4.56476307
1631
0.4751473002 -0.3660745599 0.0005829389482 0.009244717253 1.436308849e-05 -4.570808669
1632
0.4761263698 -0.3664193527 0.0006917918771 0.008838012189 0.0007978771124 -4.576865047
1633
0.4771108753 -0.366763743 0.0006917208487 0.008809712251 0.0008112465164 -4.582998588
1634
0.4781019672 -0.3671106618 0.0006594930512 0.008882314953 0.0006145428665 -4.589168028
1635
0.479102272 -0.3674714078 0.0009606170259 0.007956594772 0.002628201438 -4.595282916
1636
0.4801045219 -0.3678255139 0.0008306590034 0.008436347496 0.001651777813 -4.601575217
1637
0.4811142212 -0.3681876626 0.0008979212055 0.008319789091 0.002075075557 -4.607849464
1638
0.4821294819 -0.3685458756 0.0007984059002 0.00870940992 0.001364252141 -4.614214899
1639
0.4831520777 -0.3689156816 0.00107698092 0.007956110095 0.003205118623 -4.620555631
1640
0.4841797169 -0.3692812 0.0009427273749 0.008480106796 0.002163942143 -4.627008207
1641
0.4852146346 -0.3696520216 0.001036769626 0.008331591028 0.002739729169 -4.633468001
1642
0.4862552252 -0.3700243031 0.0009102970338 0.008830239952 0.001799500891 -4.639995607
1643
0.4873024132 -0.3704020268 0.0008704375261 0.008996814445 0.001512733772 -4.646549451
1644
0.4883555411 -0.370781523 0.0007453757347 0.009383608179 0.0006784923966 -4.653164058
1645
0.4894159594 -0.3711833201 0.001215349074 0.008006634793 0.003839798276 -4.659711445
1646
0.4904799072 -0.371569943 0.0009688788251 0.008857961535 0.001982612042 -4.666463768
1647
0.4915523983 -0.3719647792 0.000939841269 0.00903043867 0.001755191432 -4.673177663
1648
0.492634094 -0.372369008 0.0012030355 0.008340846352 0.003474241296 -4.679869313
1649
0.4937189183 -0.3727726362 0.001200224395 0.008479549078 0.003272712004 -4.686694887
1650
0.4948106106 -0.3731791747 0.001203969938 0.008622535182 0.00315443428 -4.693552255
1651
0.4959071237 -0.3735838959 0.001057157908 0.009203086983 0.002052760617 -4.700502803
1652
0.497010831 -0.3739910938 0.0008565434141 0.00986135204 0.0006752002794 -4.707480832
1653
0.4981210849 -0.3744028974 0.0007547554974 0.01013430068 5.522231964e-05 -4.714494426
1654
0.4992376377 -0.3748194988 0.0006893476743 0.01022796414 -0.0002993148366 -4.721551595
1655
0.5003609007 -0.3752490261 0.0008712825409 0.009602324618 0.001018613837 -4.728603951
1656
0.5014891068 -0.3756739464 0.0007389973757 0.009916468262 0.0001085590571 -4.73578122
1657
0.5026247044 -0.3761036097 0.0006824837813 0.0100067473 -0.0002018923305 -4.74297215
1658
0.5037670056 -0.3765430704 0.0007788143113 0.009651730324 0.0005323733236 -4.750174228
1659
0.5049149848 -0.3769832078 0.0007714046864 0.009604880766 0.0005069895483 -4.757458672
1660
0.5060699411 -0.3774315179 0.0008409181316 0.009377837865 0.001007137672 -4.764755154
1661
0.5072307093 -0.3778772118 0.0007128999718 0.00971380187 0.0001390652056 -4.772147404
1662
0.5084015483 -0.3783414564 0.001052641458 0.008753420271 0.002505058191 -4.779447089
1663
0.5095739414 -0.3787968086 0.0008394136834 0.009394572187 0.0009355097376 -4.786962972
1664
0.5107547132 -0.3792567201 0.0007786641151 0.009575483535 0.0005542654149 -4.794470065
1665
0.5119419881 -0.379719687 0.0006871976077 0.009808572037 -1.06019695e-05 -4.802028075
1666
0.5131359435 -0.3801883357 0.0006567761785 0.009823473994 -0.0001284589488 -4.809621376
1667
0.5143365567 -0.3806698181 0.0008328237632 0.009279153654 0.001154965812 -4.817215459
1668
0.5155424091 -0.381147537 0.0007256600172 0.009545814114 0.0004069249145 -4.824931604
1669
0.5167556832 -0.3816293383 0.0006606439404 0.009685722314 2.207829304e-05 -4.832671332
1670
0.5179756957 -0.3821171876 0.0006542063786 0.009636666886 6.159956651e-05 -4.840445408
1671
0.5192020885 -0.3826110034 0.0007756829238 0.009269032079 0.0009677845905 -4.848262223
1672
0.5204349216 -0.3831098193 0.0007557943741 0.009289132077 0.0008273145867 -4.856130059
1673
0.5216743225 -0.3836132732 0.0008466962132 0.009061586006 0.001475373051 -4.86404345
1674
0.5229202562 -0.3841203408 0.0007665667627 0.009274255653 0.0008960984791 -4.872012987
1675
0.5241728838 -0.3846322868 0.0007179554967 0.009404282902 0.0005990083408 -4.880024362
1676
0.5254320981 -0.3851484712 0.000652618198 0.009546889113 0.0002036512446 -4.888086465
1677
0.526698016 -0.3856695822 0.0006159960026 0.009577412318 3.221710277e-05 -4.896193156
1678
0.5279706002 -0.3861978284 0.0006412602013 0.009438262306 0.0002933391317 -4.90433416
1679
0.5292494589 -0.3867283662 0.0005806437201 0.009520591259 -6.016434572e-05 -4.912545981
1680
0.5305352963 -0.3872648353 0.0005662226833 0.009471482282 -6.534134536e-05 -4.920791357
1681
0.5318281113 -0.3878166114 0.0008030816727 0.008800285722 0.001651869662 -4.929022897
1682
0.5331260281 -0.3883641437 0.0007327990459 0.008988123596 0.001123205624 -4.937391696
1683
0.5344316928 -0.388915351 0.0006520951389 0.009188682954 0.0005798033398 -4.945788319
1684
0.5357442099 -0.3894705001 0.0005735073959 0.009355993742 0.0001024010321 -4.95423392
1685
0.5370636393 -0.3900333997 0.0005809747169 0.009268648548 0.0002490991004 -4.962708721
1686
0.5383894296 -0.3906023253 0.0005957277083 0.009162102341 0.0004291592116 -4.971236352
1687
0.5397217226 -0.3911762654 0.0005897325544 0.009126047511 0.0004527833283 -4.979818235
1688
0.541060785 -0.3917544366 0.0005559668978 0.009149290463 0.0002800374329 -4.988454331
1689
0.5424067233 -0.3923393597 0.0005654291059 0.009063281217 0.0004256965547 -4.9971271
1690
0.5437591682 -0.3929277985 0.0005141430612 0.00912657169 0.0001375106941 -5.005865131
1691
0.5451188419 -0.393530708 0.0007025410462 0.008627331514 0.001542992561 -5.014588771
1692
0.5464866323 -0.3941409685 0.0009020174026 0.008161632634 0.002900339656 -5.023345576
