701
0
0 0 0 0 0 0
1
0.002982833112 0.03375257211 -2.063032391e-17 6.765421556e-17 -1.196959198e-16 -0.1143471003
2
0.004425965984 0.06324057047 -1.004356142e-17 4.857225733e-17 -3.122502257e-17 -0.2106120954
3
0.005915467834 0.08997485845 -6.756063288e-19 -4.857225733e-17 0 -0.2937334113
4
0.007760508182 0.1145928238 -2.490576899e-17 3.122502257e-17 -1.283695372e-16 -0.3662009194
5
0.009958490333 0.1374438246 -3.174614161e-17 3.816391647e-17 -1.353084311e-16 -0.4296848955
6
0.01244235223 0.1587589542 -4.575988042e-17 5.551115123e-17 -2.463307336e-16 -0.4854516082
7
0.01514245809 0.1787089986 3.503929808e-18 -1.318389842e-16 7.632783294e-17 -0.5345152352
8
0.01799976167 0.1974284153 9.52405467e-19 -5.204170428e-17 -1.040834086e-17 -0.577711362
9
0.02096660625 0.2150273338 -2.615081696e-17 6.938893904e-17 -1.491862189e-16 -0.61574111
10
0.02400487916 0.2315985032 -7.103768556e-18 -8.326672685e-17 1.734723476e-17 -0.6492009511
11
0.02708400686 0.2472217064 6.861237766e-18 -6.591949209e-17 1.734723476e-17 -0.6786039816
12
0.03017931821 0.2619667239 -1.663779606e-17 -4.510281038e-17 -7.632783294e-17 -0.7043955515
13
0.03327080026 0.2758953976 9.110641878e-19 -1.075528555e-16 4.163336342e-17 -0.7269650019
14
0.03634216609 0.2890631091 -8.191090173e-18 -9.020562075e-17 6.938893904e-17 -0.746654664
15
0.03938015173 0.3015198639 -1.52590697e-17 -9.36750677e-17 -3.469446952e-17 -0.7637669068
16
0.04237397775 0.3133111085 -1.20928016e-17 0 6.938893904e-18 -0.778569768
17
0.04531492903 0.3244783605 -1.017851294e-17 -7.979727989e-17 9.020562075e-17 -0.7913015391
18
0.04819602077 0.3350597058 -1.050719202e-17 3.469446952e-17 5.551115123e-17 -0.8021745631
19
0.05101172797 0.3450902014 -1.650970528e-17 -1.595945598e-16 1.179611964e-16 -0.8113784252
20
0.05375776309 0.3546022072 4.890294931e-18 -1.387778781e-16 1.665334537e-16 -0.8190826668
21
0.05643089063 0.3636256652 -5.041726375e-18 -6.245004514e-17 5.551115123e-17 -0.8254391159
22
0.05902877095 0.3721883376 -2.354730657e-17 -6.591949209e-17 -1.387778781e-17 -0.8305839053
23
0.0615498274 0.380316013 -7.075406104e-18 -2.237793284e-16 2.15105711e-16 -0.8346392307
24
0.06399313263 0.3880326858 -1.686041655e-17 -1.994931997e-16 6.938893904e-18 -0.8377148895
25
0.06635831074 0.3953607158 -4.777796434e-17 -7.719519468e-17 -3.469446952e-17 -0.8399096338
26
0.06864545273 0.4023209679 -1.337420443e-17 -1.370431546e-16 2.844946501e-16 -0.8413123635
27
0.07085504338 0.4089329381 -4.818939671e-17 -1.734723476e-17 4.163336342e-17 -0.8420031796
28
0.07298789774 0.4152148659 -2.346480084e-17 -5.117434254e-17 1.318389842e-16 -0.8420543183
29
0.07504510605 0.4211838352 -7.220510811e-17 2.992397996e-17 -1.526556659e-16 -0.8415309781
30
0.0770279859 0.4268558656 -3.41715556e-17 -8.890457814e-17 -1.318389842e-16 -0.8404920555
31
0.0789380407 0.4322459946 -1.445689328e-17 4.90059382e-17 -4.163336342e-17 -0.8389907979
32
0.08077692368 0.4373683523 -5.885244076e-18 -9.801187639e-17 9.714451465e-17 -0.8370753853
33
0.08254640668 0.4422362293 -1.89070751e-17 -2.092510193e-17 6.245004514e-17 -0.8347894482
34
0.08424835317 0.4468621379 -2.780485714e-17 9.356664749e-17 -4.163336342e-17 -0.832172529
35
0.08588469496 0.4512578683 -3.868383775e-17 -4.976487972e-17 -3.469446952e-17 -0.8292604937
36
0.08745741212 0.45543454 -4.554408531e-17 -1.514630435e-16 -9.020562075e-17 -0.8260858994
37
0.08896851577 0.4594026482 -5.223164726e-17 5.312590645e-17 -1.804112415e-16 -0.8226783221
38
0.09042003332 0.4631721067 -4.682028954e-17 -1.908195824e-16 4.857225733e-17 -0.8190646504
39
0.0918139959 0.466752287 -2.270163163e-17 -2.480654571e-16 2.359223927e-16 -0.8152693475
40
0.09315242771 0.4701520541 -3.308458763e-17 -4.050579316e-16 3.469446952e-17 -0.8113146858
41
0.09443733695 0.4733797999 -1.522791344e-17 -1.647987302e-16 1.942890293e-16 -0.8072209575
42
0.09567070834 0.476443473 -1.957893278e-18 -2.771220753e-16 2.15105711e-16 -0.8030066624
43
0.09685449678 0.4793506072 2.779145393e-17 -2.012279232e-16 1.873501354e-16 -0.7986886771
44
0.09799062218 0.4821083468 -6.041060736e-18 -6.938893904e-18 6.938893904e-18 -0.7942824067
45
0.09908096527 0.4847234709 -4.270069649e-18 3.469446952e-17 3.469446952e-17 -0.7898019206
46
0.1001273642 0.4872024149 -6.22912996e-18 -1.916869441e-16 1.595945598e-16 -0.785260075
47
0.1011316118 0.4895512914 5.226046946e-18 -1.838806885e-16 6.938893904e-18 -0.7806686232
48
0.1020954536 0.491775909 2.236057492e-17 3.556183126e-17 4.857225733e-17 -0.7760383143
49
0.1030205866 0.4938817897 1.604766609e-17 -1.500535807e-16 1.318389842e-16 -0.7713789828
50
0.1039086578 0.4958741851 2.25188671e-17 -1.726049859e-16 1.665334537e-16 -0.7666996289
51
0.1047612638 0.4977580922 -1.296644998e-17 -6.245004514e-17 -2.081668171e-17 -0.7620084914
52
0.1027109983 0.5150858126 1.31364125e-17 -3.209238431e-17 2.775557562e-17 -0.8743934284
53
0.09872497362 0.5287895855 -1.383804722e-17 -8.67361738e-17 -2.706168623e-16 -0.9736441235
54
0.09482344183 0.5405056479 7.662303737e-17 -2.012279232e-16 3.261280135e-16 -1.061246142
55
0.09115328763 0.5505937226 3.800596809e-17 -4.857225733e-17 1.040834086e-16 -1.141285614
56
0.08792944109 0.5595041056 -6.835280111e-19 -3.261280135e-16 1.110223025e-16 -1.213072316
57
0.08522460481 0.5674967263 3.309905177e-17 -3.538835891e-16 1.526556659e-16 -1.276672343
58
0.08295546501 0.5746588913 1.466642885e-17 -1.387778781e-17 -2.567390744e-16 -1.333403768
59
0.08105596006 0.5810731422 -2.237535734e-17 2.428612866e-17 -3.191891196e-16 -1.384205883
60
0.07947324084 0.5868137424 -1.010353987e-17 3.538835891e-16 -4.579669977e-16 -1.429814047
61
0.07816392757 0.5919462998 -1.38787873e-17 3.191891196e-16 -4.232725281e-16 -1.470837446
62
0.07709160333 0.5965285656 -2.93690711e-17 3.469446952e-17 -3.261280135e-16 -1.507796864
63
0.07622519573 0.6006115016 9.189151407e-19 2.775557562e-17 4.163336342e-17 -1.541145345
64
0.07553789805 0.6042402802 5.085267335e-17 -1.734723476e-16 4.30211422e-16 -1.571280984
65
0.07500641209 0.6074551296 1.26746916e-18 1.040834086e-17 2.775557562e-17 -1.598555731
66
0.07461038904 0.6102920241 2.213091686e-17 -2.428612866e-16 1.804112415e-16 -1.623281961
67
0.07433199843 0.6127832461 2.349797288e-17 -1.734723476e-18 -9.020562075e-17 -1.645737648
68
0.07415558408 0.6149578477 5.180327522e-17 -1.040834086e-17 6.245004514e-17 -1.666170599
69
0.07406738199 0.6168420343 5.968421739e-17 4.857225733e-17 -6.245004514e-17 -1.684802004
70
0.07405528432 0.6184594892 5.551967587e-17 9.714451465e-17 -8.326672685e-17 -1.701829469
71
0.07410863855 0.6198316502 -1.023028679e-18 1.179611964e-16 -1.45716772e-16 -1.717429643
72
0.07421807472 0.6209779503 2.708309994e-17 1.838806885e-16 1.179611964e-16 -1.731760502
73
0.07437535526 0.6219160266 3.777510763e-17 -2.15105711e-16 2.775557562e-16 -1.744963372
74
0.07457324372 0.6226619048 1.836924946e-17 -9.020562075e-17 -6.245004514e-17 -1.757164703
75
0.07480538943 0.6232301619 3.242457711e-17 1.595945598e-16 4.163336342e-17 -1.768477646
76
0.07506622566 0.6236340712 5.29937909e-17 -1.82145965e-16 4.232725281e-16 -1.77900346
77
0.07535087969 0.6238857312 6.234137595e-17 4.683753385e-17 7.632783294e-17 -1.788832764
78
0.07565509307 0.6239961805 5.79414473e-17 1.474514955e-16 1.873501354e-16 -1.798046645
79
0.07597515095 0.6239755011 4.829962833e-17 1.682681772e-16 3.469446952e-17 -1.806717662
80
0.07630781931 0.6238329109 2.132969529e-17 1.491862189e-16 -2.081668171e-16 -1.814910732
81
0.0766502893 0.6235768463 2.828719564e-17 3.816391647e-17 -7.632783294e-17 -1.82268393
82
0.07700012771 0.6232150366 1.251625795e-17 3.261280135e-16 -1.873501354e-16 -1.830089199
83
0.07735523309 0.6227545714 3.418092723e-17 1.405126016e-16 2.775557562e-17 -1.837172987
84
0.07771379669 0.6222019601 -2.531316979e-17 3.269953752e-16 -3.60822483e-16 -1.84397682
85
0.07807426783 0.6215631863 -8.834260043e-17 2.489328188e-16 -7.285838599e-16 -1.850537811
86
0.07843532311 0.6208437567 -4.058164649e-17 1.491862189e-16 -3.261280135e-16 -1.856889122
87
0.07879583917 0.6200487447 1.531374345e-17 1.45716772e-16 1.318389842e-16 -1.863060365
88
0.0791548684 0.6191828302 2.505514928e-17 -8.760353554e-17 1.873501354e-16 -1.869077979
89
0.0795116175 0.6182503349 -1.417754789e-17 1.994931997e-17 -1.249000903e-16 -1.874965551
90
0.07986542841 0.617255255 -4.616303746e-17 1.45716772e-16 -2.012279232e-16 -1.880744115
91
0.08021576144 0.6162012896 -7.414694584e-17 1.778091563e-16 -5.898059818e-16 -1.886432414
92
0.08056218033 0.6150918673 -4.298983789e-17 1.275021755e-16 -4.024558464e-16 -1.892047137
93
0.08090433898 0.6139301699 2.108525481e-17 4.770489559e-17 1.179611964e-16 -1.897603128
94
0.08124196976 0.6127191536 9.592025533e-18 -1.934216676e-16 5.551115123e-17 -1.903113583
95
0.08157487316 0.6114615685 2.012559958e-17 -2.159730728e-16 3.538835891e-16 -1.908590212
96
0.08190290858 0.6101599759 1.176935648e-18 -6.765421556e-17 1.179611964e-16 -1.914043397
97
0.08222598632 0.6088167645 2.955919147e-18 -1.630640067e-16 1.249000903e-16 -1.919482325
98
0.08254406039 0.6074341643 5.382217253e-18 6.028164079e-17 7.632783294e-17 -1.924915115
99
0.08285712221 0.6060142601 2.271938469e-17 -1.82145965e-16 1.595945598e-16 -1.930348923
100
0.08316519511 0.6045590031 -3.242005043e-17 -5.551115123e-17 -1.040834086e-16 -1.935790047
101
0.08346832942 0.6030702214 3.241099708e-18 -9.627715292e-17 1.040834086e-16 -1.941244008
102
0.08793221979 0.6076731636 -8.054087508e-18 -1.908195824e-16 3.087807787e-16 -1.838008018
103
0.09505160919 0.6156747585 -3.365356953e-17 -6.938893904e-17 7.632783294e-17 -1.738135625
104
0.1023325792 0.624780026 -3.628583137e-17 -6.938893904e-17 3.469446952e-18 -1.644770083
105
0.1091734019 0.6342369284 -6.459113371e-17 -6.245004514e-17 -9.36750677e-17 -1.557881184
106
0.1154738049 0.6437598161 -1.64725724e-17 -2.012279232e-16 -9.36750677e-17 -1.476697658
107
0.1212591055 0.6532194996 2.017539302e-17 -2.91433544e-16 5.134781489e-16 -1.400395131
108
0.1265788373 0.6625472191 6.888242215e-17 -3.122502257e-16 3.712308239e-16 -1.328265384
109
0.1314809769 0.6717018055 2.354323964e-17 -1.318389842e-16 1.144917494e-16 -1.259733717
110
0.1360068323 0.6806568898 -9.917946174e-18 1.526556659e-16 5.551115123e-17 -1.194338073
111
0.1401912146 0.6893951047 2.188194971e-17 -4.024558464e-16 2.567390744e-16 -1.131703764
112
0.1440636484 0.6979050411 1.063768759e-17 -2.081668171e-17 -7.632783294e-17 -1.071522426
113
0.1476496128 0.7061794851 3.222993006e-17 2.775557562e-17 -6.938893904e-17 -1.013534932
114
0.1509713348 0.7142142266 -2.724606026e-17 3.747002708e-16 -6.938893904e-16 -0.9575218524
115
0.1540483703 0.7220072645 5.219256932e-18 1.387778781e-17 -6.938893904e-18 -0.9032964996
116
0.1568982419 0.7295583362 4.952635741e-17 3.469446952e-17 2.636779683e-16 -0.85069628
117
0.159536769 0.736868517 6.083851966e-18 8.326672685e-17 -3.469446952e-17 -0.7995787256
118
0.1619783225 0.7439399276 -5.069423971e-17 4.649058916e-16 -4.510281038e-16 -0.7498183246
119
0.1642360234 0.7507755148 -2.446215478e-17 -1.110223025e-16 -9.714451465e-17 -0.7013040005
120
0.1663932732 0.757438701 -5.974306417e-17 1.45716772e-16 -2.844946501e-16 -0.6533085188
121
0.1685751316 0.7640160592 -1.879475697e-17 2.081668171e-17 -2.081668171e-17 -0.6049152805
122
0.1707505343 0.7704481677 -2.203585668e-17 2.359223927e-16 -9.020562075e-17 -0.5568129058
123
0.1729035033 0.7767080609 6.835280111e-19 1.942890293e-16 1.318389842e-16 -0.5093320184
124
0.1750259872 0.7827847257 -3.63356248e-17 1.387778781e-16 -2.359223927e-16 -0.4626327666
125
0.1771141371 0.7886751887 -5.825831459e-18 1.110223025e-16 -2.91433544e-16 -0.4167891712
126
0.1791663516 0.7943805601 5.884678241e-19 1.387778781e-16 -2.081668171e-17 -0.3718302364
127
0.1811822362 0.7999040043 -8.917550873e-19 -1.665334537e-16 1.040834086e-16 -0.327761024
128
0.183162043 0.8052496857 -1.955976514e-17 5.551115123e-17 -2.498001805e-16 -0.2845737931
129
0.1851063733 0.8104222231 6.142698749e-18 -1.387778781e-16 6.245004514e-17 -0.2422539129
130
0.187016012 0.8154264036 5.587728324e-17 -1.665334537e-16 9.020562075e-17 -0.2007831536
131
0.1888918374 0.8202670323 2.489671564e-17 -1.804112415e-16 -1.804112415e-16 -0.1601414549
132
0.1907347702 0.8249488553 -1.207717042e-17 1.110223025e-16 -3.261280135e-16 -0.1203079352
133
0.192545748 0.8294765232 -1.294629213e-17 9.714451465e-17 -2.844946501e-16 -0.08126141091
134
0.1943257059 0.8338545736 -6.092905317e-18 5.551115123e-17 -3.469446952e-16 -0.04298081917
135
0.1960755707 0.8380874204 2.107167478e-17 1.526556659e-16 -1.942890293e-16 -0.005445286438
136
0.1977962521 0.8421793542 5.097036692e-18 1.804112415e-16 -9.714451465e-17 0.03136564655
137
0.199488643 0.8461345402 -1.606969827e-17 -1.387778781e-16 5.551115123e-17 0.06747209758
138
0.2011536171 0.8499570242 -1.699314009e-17 8.326672685e-17 -4.163336342e-16 0.1028937024
139
0.2027920241 0.8536507328 -6.663719107e-17 5.412337245e-16 -1.082467449e-15 0.1376495738
140
0.204404697 0.8572194759 -2.732301374e-17 4.440892099e-16 -7.771561172e-16 0.1717584728
141
0.2059924445 0.8606669534 6.272614337e-17 4.163336342e-17 -2.775557562e-17 0.2052385823
142
0.2075560554 0.8639967553 1.568493085e-17 2.498001805e-16 -1.665334537e-16 0.2381076628
143
0.2090962987 0.867212367 1.902561742e-17 -8.326672685e-17 1.387778781e-17 0.2703830215
144
0.2106139225 0.8703171717 1.360266009e-17 -6.938893904e-17 0 0.3020814966
145
0.2121096557 0.8733144537 5.6264314e-17 -2.636779683e-16 8.326672685e-17 0.3332195003
146
0.213584206 0.8762074021 3.081308061e-17 1.387778781e-17 4.163336342e-17 0.3638129665
147
0.2150382656 0.8789991123 2.23006672e-17 3.60822483e-16 -2.775557562e-16 0.3938774861
148
0.2164725065 0.8816925905 5.725339261e-17 2.498001805e-16 9.714451465e-17 0.4234281988
149
0.2178875826 0.8842907557 1.020561641e-16 -5.551115123e-17 5.551115123e-16 0.4524798346
150
0.2192841319 0.886796442 8.111576288e-17 -2.775557562e-17 5.273559367e-16 0.4810467705
151
0.220662773 0.8892124026 9.281269255e-17 1.942890293e-16 5.134781489e-16 0.5091429463
152
0.2220241111 0.8915413103 4.554288291e-17 8.326672685e-17 2.91433544e-16 0.5367820013
153
0.223368735 0.8937857612 4.083966699e-17 -4.163336342e-17 4.440892099e-16 0.5639772256
154
0.2246972158 0.8959482771 4.027156921e-17 -1.526556659e-16 5.551115123e-17 0.5907414845
155
0.2260101121 0.8980313074 1.123362443e-16 4.163336342e-17 5.551115123e-16 0.617087384
156
0.2273079664 0.9000372308 3.72341699e-17 1.387778781e-17 -2.775557562e-17 0.6430271591
157
0.2285913094 0.901968358 1.168946066e-16 -2.359223927e-16 2.91433544e-16 0.6685727955
158
0.2298606552 0.9038269341 4.401965658e-17 1.804112415e-16 2.498001805e-16 0.6937358864
159
0.2311165043 0.90561514 8.447681949e-17 -1.804112415e-16 6.52256027e-16 0.7185277283
160
0.2323593464 0.9073350937 1.018253036e-16 -1.110223025e-16 8.049116929e-16 0.7429593804
161
0.2335896607 0.9089888527 1.00145907e-16 -1.110223025e-16 5.828670879e-16 0.7670416764
162
0.2348079097 0.9105784168 1.163649855e-16 -2.081668171e-16 8.881784197e-16 0.7907850628
163
0.2360145456 0.9121057281 6.198150524e-17 -1.387778781e-16 4.163336342e-16 0.8141997642
164
0.237210007 0.9135726744 1.416079919e-16 -1.804112415e-16 5.134781489e-16 0.8372956846
165
0.2383947238 0.9149810888 1.023345546e-16 1.387778781e-17 5.828670879e-16 0.8600825495
166
0.239569118 0.9163327524 9.720130452e-17 2.081668171e-16 2.91433544e-16 0.8825699112
167
0.2407335958 0.9176293959 3.665022875e-17 2.636779683e-16 -3.885780586e-16 0.9047669598
168
0.2418885544 0.9188727011 5.510095838e-17 3.330669074e-16 -2.081668171e-16 0.9266826865
169
0.2430343804 0.920064302 1.2031451e-16 -1.942890293e-16 5.828670879e-16 0.9483258381
170
0.2441714519 0.9212057861 1.561567271e-16 -1.387778781e-17 6.661338148e-16 0.9697049775
171
0.2453001395 0.9222986952 -6.047638562e-18 6.661338148e-16 -2.636779683e-16 0.9908285199
172
0.2464208005 0.9233445286 6.052165237e-18 2.775557562e-16 6.938893904e-17 1.011704545
173
0.2475337861 0.9243447417 1.882870703e-17 1.110223025e-16 -1.526556659e-16 1.032341037
174
0.2486394371 0.9253007497 3.385953326e-17 1.387778781e-17 1.110223025e-16 1.052745718
175
0.2497380861 0.9262139274 9.135736635e-17 9.714451465e-17 3.053113318e-16 1.072926137
176
0.2508300577 0.9270856099 -8.487516694e-18 4.024558464e-16 -4.440892099e-16 1.092889664
177
0.25191567 0.927917095 3.376899975e-17 2.91433544e-16 -2.775557562e-16 1.112643525
178
0.2529952314 0.928709643 -1.175351312e-17 7.632783294e-16 -3.747002708e-16 1.132194734
179
0.2540690443 0.9294644787 1.545837074e-16 3.053113318e-16 1.942890293e-16 1.151550173
180
0.2551374002 0.9301827924 1.277767347e-16 2.498001805e-16 2.220446049e-16 1.170716461
181
0.2562005871 0.9308657399 1.283946259e-16 2.775557562e-16 2.359223927e-16 1.189700162
182
0.2572588851 0.931514444 1.374004469e-16 3.053113318e-16 1.526556659e-16 1.208507648
183
0.2583125661 0.9321299961 2.902957043e-17 8.743006319e-16 -3.053113318e-16 1.227145122
184
0.2593618976 0.9327134555 1.073885879e-16 4.163336342e-16 1.665334537e-16 1.245618683
185
0.2604071394 0.9332658515 1.139205807e-16 3.60822483e-16 3.469446952e-16 1.263934267
186
0.2614485454 0.9337881842 3.845410897e-17 4.718447855e-16 0 1.282097659
187
0.2624863622 0.9342814245 7.397493217e-17 4.024558464e-16 1.387778781e-17 1.300114498
188
0.2635208319 0.9347465157 3.676792232e-17 5.828670879e-16 3.469446952e-16 1.317990312
189
0.2645521907 0.9351843733 8.054992843e-17 5.551115123e-17 7.077671782e-16 1.335730512
190
0.2655806658 0.935595888 6.406377601e-17 1.526556659e-16 5.689893001e-16 1.35334029
191
0.2666064866 0.9359819219 2.063711392e-17 9.714451465e-17 6.106226635e-16 1.370824926
192
0.2676298703 0.9363433148 -3.299267489e-17 -1.387778781e-16 -5.551115123e-17 1.388189381
193
0.2686510285 0.9366808808 2.806538853e-18 8.326672685e-17 -6.938893904e-17 1.405438501
194
0.2696701713 0.9369954104 6.836185446e-17 1.387778781e-17 1.387778781e-17 1.422577119
195
0.2706875055 0.9372876704 2.758103425e-17 -1.110223025e-16 -2.359223927e-16 1.439610012
196
0.2717032276 0.9375584062 8.856214419e-17 2.636779683e-16 1.387778781e-16 1.456541673
197
0.2727175316 0.9378083406 5.882414903e-17 9.714451465e-17 2.775557562e-17 1.473376572
198
0.2737306096 0.9380381747 7.874152154e-18 3.60822483e-16 -2.91433544e-16 1.49011914
199
0.274742647 0.938248589 -3.127706485e-17 2.775557562e-16 -5.412337245e-16 1.50677367
200
0.2757538215 0.9384402447 -3.930738731e-17 2.220446049e-16 -4.024558464e-16 1.523344233
201
0.2767643142 0.9386137814 -2.539917662e-17 4.024558464e-16 -9.298117831e-16 1.539835051
202
0.2777742933 0.9387698217 -1.851183974e-17 3.885780586e-16 -4.440892099e-16 1.556249983
203
0.2787839286 0.9389089675 -6.876472858e-17 8.465450563e-16 -9.436895709e-16 1.572592979
204
0.2797933871 0.9390318029 3.734507345e-19 3.191891196e-16 -2.636779683e-16 1.588867914
205
0.2808028289 0.9391388944 -6.015725499e-17 3.885780586e-16 -6.52256027e-16 1.605078513
206
0.28181241 0.9392307913 -1.201832364e-18 2.081668171e-16 -3.747002708e-16 1.621228389
207
0.2828222852 0.9393080256 1.536806356e-18 1.110223025e-16 -6.938893904e-16 1.637321158
208
0.2838326022 0.9393711128 -2.269901465e-17 4.440892099e-16 -5.551115123e-16 1.653360259
209
0.2848435074 0.9394205527 5.375427239e-17 2.775557562e-17 -5.551115123e-17 1.669349091
210
0.2858551452 0.9394568284 1.073274778e-17 6.938893904e-17 -2.775557562e-16 1.685291056
211
0.286867656 0.9394804085 7.865098803e-18 1.249000903e-16 -2.91433544e-16 1.701189437
212
0.2878811751 0.9394917461 9.833410508e-17 -1.665334537e-16 7.632783294e-16 1.717047405
213
0.2888958349 0.9394912804 5.575732633e-18 0 8.326672685e-17 1.73286806
214
0.2899117662 0.9394794354 7.08085226e-18 -1.110223025e-16 6.383782392e-16 1.748654488
215
0.2909290963 0.9394566217 6.804272383e-17 -1.387778781e-17 6.661338148e-16 1.764409692
216
0.2919479489 0.9394232362 5.546196075e-17 -2.636779683e-16 1.665334537e-16 1.780136587
217
0.2929684423 0.9393796631 -5.65698646e-17 1.387778781e-16 -3.053113318e-16 1.795837948
218
0.2939906986 0.9393262721 2.665080242e-17 -1.804112415e-16 6.383782392e-16 1.811516699
219
0.295014833 0.9392634213 -1.797769203e-17 -2.220446049e-16 4.163336342e-16 1.827175563
220
0.2960409569 0.9391914565 -1.031855696e-17 -8.326672685e-17 1.387778781e-17 1.842817184
221
0.2970691812 0.9391107108 -3.555137826e-17 3.469446952e-16 -3.053113318e-16 1.858444215
222
0.2980996151 0.9390215055 -2.911897227e-17 2.359223927e-16 -5.551115123e-17 1.874059268
223
0.2991323621 0.9389241508 -2.264469454e-18 1.665334537e-16 3.469446952e-16 1.889664812
224
0.3001675245 0.9388189454 9.613074574e-17 -1.804112415e-16 5.828670879e-16 1.905263298
225
0.3012052012 0.9387061767 8.960554291e-17 -4.024558464e-16 7.632783294e-16 1.920857107
226
0.3022454943 0.9385861205 -7.672715091e-19 -2.220446049e-16 5.689893001e-16 1.93644872
227
0.3032884948 0.9384590441 5.805008751e-17 -6.383782392e-16 1.082467449e-15 1.952040305
228
0.3043342986 0.9383252019 3.546650309e-18 -6.938893904e-17 5.134781489e-16 1.967634214
229
0.3053829969 0.9381848395 6.363374183e-18 -1.249000903e-16 1.942890293e-16 1.98323266
230
0.3064346759 0.9380381925 -1.061471471e-16 3.469446952e-16 -5.273559367e-16 1.998837733
231
0.3074894229 0.9378854865 -4.964857765e-17 2.359223927e-16 -1.942890293e-16 2.014451571
232
0.3085473229 0.9377269371 6.141114412e-17 -1.249000903e-16 4.440892099e-16 2.030076262
233
0.3096084586 0.9375627509 -1.866122004e-18 -4.163336342e-17 -8.326672685e-17 2.045713842
234
0.3106729106 0.9373931251 -2.082270762e-19 -2.775557562e-17 -8.326672685e-17 2.061366306
235
0.3117407557 0.9372182484 3.744126531e-17 -6.938893904e-17 0 2.07703555
236
0.3128120718 0.9370382997 4.275048992e-17 -1.665334537e-16 2.498001805e-16 2.092723521
237
0.3138869306 0.9368534504 -1.223492506e-16 4.440892099e-16 -5.551115123e-16 2.108431994
238
0.3149654081 0.9366638616 -9.821414817e-17 1.665334537e-16 -5.551115123e-16 2.1241629
239
0.3160475716 0.9364696879 5.549704249e-18 -1.665334537e-16 3.330669074e-16 2.139917915
240
0.3171334911 0.9362710745 6.390647403e-17 -2.775557562e-16 3.330669074e-16 2.155698812
241
0.3182232352 0.9360681576 6.125723715e-17 -3.191891196e-16 3.053113318e-16 2.171507339
242
0.3193168657 0.9358610678 -1.630734874e-18 -2.081668171e-16 0 2.187345065
243
0.3204144464 0.9356499263 2.246815419e-17 -2.359223927e-16 3.60822483e-16 2.203213636
244
0.3215160412 0.9354348463 -2.239063487e-17 2.498001805e-16 -8.326672685e-17 2.219114696
245
0.3226217088 0.9352159338 -8.870643197e-17 5.551115123e-17 -3.60822483e-16 2.235049767
246
0.3237315055 0.9349932879 -7.141396546e-18 -3.330669074e-16 -2.775557562e-16 2.251020311
247
0.3248454905 0.9347669994 -5.956539216e-17 -8.326672685e-17 -4.163336342e-16 2.2670279
248
0.3259637159 0.9345371529 -1.606347409e-17 -4.440892099e-16 3.330669074e-16 2.283073895
249
0.3270862389 0.934303824 -8.899161253e-18 -4.718447855e-16 2.775557562e-17 2.299159832
250
0.3282131041 0.934067084 1.433202069e-17 4.163336342e-16 -8.326672685e-17 2.315286879
251
0.3293443671 0.9338269941 1.037881833e-17 -1.665334537e-16 1.387778781e-16 2.331456554
252
0.3304800723 0.9335836111 5.353529446e-17 -5.551115123e-16 5.828670879e-16 2.347670056
253
0.3316202688 0.9333369833 8.639782743e-17 -2.775557562e-16 1.665334537e-16 2.363928727
254
0.332765002 0.9330871533 4.312394065e-17 -1.942890293e-16 4.996003611e-16 2.380233848
255
0.3339143131 0.9328341572 9.168116512e-17 -4.996003611e-16 1.665334537e-16 2.396586537
256
0.3350682461 0.9325780239 1.239246752e-16 -1.110223025e-16 3.885780586e-16 2.41298805
257
0.3362268382 0.932318776 7.658003396e-18 3.053113318e-16 1.942890293e-16 2.42943944
258
0.3373901303 0.93205643 5.583972598e-17 2.220446049e-16 2.775557562e-17 2.445941883
259
0.3385581625 0.9317909951 7.088046315e-17 -3.330669074e-16 -5.551115123e-17 2.462496553
260
0.3397309641 0.9315224762 4.031252148e-17 -2.220446049e-16 4.996003611e-16 2.479104312
261
0.3409085746 0.9312508698 9.443635449e-18 -1.942890293e-16 6.383782392e-16 2.495766336
262
0.3420910241 0.9309761677 2.042506747e-17 -8.326672685e-17 7.21644966e-16 2.512483545
263
0.3432783452 0.930698355 8.464317482e-18 -1.387778781e-16 2.220446049e-16 2.529256944
264
0.3444705671 0.9304174107 -2.268090794e-17 2.775557562e-17 -4.440892099e-16 2.546087443
265
0.3456677176 0.9301333083 7.863967134e-18 1.387778781e-16 1.110223025e-16 2.562975932
266
0.3468698255 0.9298460145 9.012526185e-17 1.110223025e-16 3.053113318e-16 2.579923353
267
0.3480769132 0.9295554911 4.535728921e-17 0 -1.110223025e-16 2.596930453
268
0.3492890039 0.9292616939 -9.279317126e-17 8.049116929e-16 -6.383782392e-16 2.613998023
269
0.3505061228 0.928964572 -5.961886351e-17 3.330669074e-16 -4.440892099e-16 2.631126945
270
0.3517282869 0.92866407 3.18791127e-17 -1.110223025e-16 -8.326672685e-17 2.648317844
271
0.3529555196 0.9283601254 2.563173458e-17 -2.775557562e-17 3.053113318e-16 2.665571577
272
0.3541878376 0.9280526709 6.823567338e-17 -8.326672685e-17 7.21644966e-16 2.682888792
273
0.3554252552 0.9277416339 -4.598423378e-17 -8.326672685e-17 1.387778781e-16 2.700270095
274
0.3566677874 0.9274269354 -6.716737794e-17 3.60822483e-16 -4.440892099e-16 2.717716121
275
0.3579154482 0.9271084908 -8.420748229e-17 5.273559367e-16 -9.714451465e-16 2.735227494
276
0.359168249 0.9267862105 -2.234027561e-17 3.053113318e-16 0 2.752804761
277
0.3604261985 0.9264599988 -6.734222079e-17 1.387778781e-16 -2.775557562e-16 2.770448419
278
0.3616893069 0.9261297545 -2.329257498e-17 1.387778781e-16 -2.775557562e-17 2.78815902
279
0.3629575827 0.925795371 1.398912501e-17 2.775557562e-17 4.163336342e-16 2.805937089
280
0.3642310274 0.9254567372 -1.970801376e-17 5.551115123e-16 -3.885780586e-16 2.823782933
281
0.3655096482 0.9251137348 -3.231706856e-17 8.326672685e-17 -3.60822483e-16 2.841697064
282
0.3667934455 0.9247662415 -4.445421744e-17 -2.775557562e-17 2.775557562e-16 2.859679795
283
0.3680824225 0.9244141285 -3.930286064e-17 -2.775557562e-16 3.053113318e-16 2.877731551
284
0.3693765752 0.9240572628 -9.243584681e-17 5.551115123e-17 -5.551115123e-17 2.895852538
285
0.3706759025 0.9236955054 -1.431855383e-16 -2.775557562e-17 -5.273559367e-16 2.914043079
286
0.3719804007 0.9233287119 -6.824642423e-17 -4.996003611e-16 6.661338148e-16 2.932303442
287
0.3732900652 0.9229567321 -4.034399602e-17 2.775557562e-17 7.494005416e-16 2.950633856
288
0.3746048849 0.9225794118 -1.179538487e-17 -5.273559367e-16 2.498001805e-16 2.96903438
289
0.3759248545 0.9221965898 -4.756743856e-17 -1.110223025e-16 1.387778781e-16 2.987505289
290
0.3772499606 0.9218081015 2.141683379e-17 -3.60822483e-16 4.163336342e-16 3.006046591
291
0.3785801927 0.9214137751 3.224351009e-17 -6.661338148e-16 6.383782392e-16 3.024658425
292
0.379915536 0.9210134347 -1.762800634e-17 -5.273559367e-16 1.387778781e-16 3.043340804
293
0.3812559733 0.9206068988 -8.249866226e-19 -8.326672685e-17 8.326672685e-17 3.062093683
294
0.3826014897 0.9201939807 -3.273012771e-17 1.665334537e-16 5.551115123e-17 3.08091712
295
0.383952067 0.919774488 7.482594717e-18 -6.383782392e-16 7.494005416e-16 3.09981107
296
0.3853076782 0.9193482248 -1.638203889e-17 -4.718447855e-16 4.996003611e-16 3.118775235
297
0.3866683035 0.9189149876 -8.477558008e-17 1.942890293e-16 2.775557562e-17 3.137809568
298
0.3880339186 0.9184745695 -1.578564938e-17 -2.220446049e-16 1.665334537e-16 3.156913901
299
0.3894044971 0.9180267576 1.957108183e-17 -3.60822483e-16 5.273559367e-16 3.176088008
300
0.3907800098 0.917571334 -1.157697277e-17 -3.330669074e-16 -2.775557562e-17 3.195331596
301
0.3921604269 0.9171080756 -5.78939172e-17 -3.330669074e-16 -2.775557562e-16 3.214644388
302
0.3935457138 0.9166367548 -2.28099182e-17 1.387778781e-16 -2.775557562e-17 3.234025946
303
0.3949358414 0.9161571369 4.530975912e-17 -7.771561172e-16 -2.775557562e-17 3.253476056
304
0.3963307697 0.9156689851 8.750290211e-17 -7.494005416e-16 3.885780586e-16 3.272994157
305
0.3977304608 0.9151720556 6.471109061e-17 -8.326672685e-17 8.326672685e-17 3.292579785
306
0.3991348768 0.9146660991 9.194357084e-17 -4.996003611e-16 -1.942890293e-16 3.312232491
307
0.4005439727 0.9141508621 2.490803232e-17 2.775557562e-16 -3.330669074e-16 3.331951615
308
0.4019577048 0.9136260859 -2.865159302e-17 3.053113318e-16 -1.665334537e-16 3.351736561
309
0.4033760301 0.9130915068 1.307303905e-17 -5.551115123e-17 1.942890293e-16 3.371586796
310
0.404798897 0.9125468568 -1.145248919e-17 1.665334537e-16 -2.220446049e-16 3.391501496
311
0.4062262577 0.9119918611 4.900805306e-17 2.775557562e-17 -1.387778781e-16 3.411480014
312
0.4076580569 0.9114262426 -4.547498278e-17 4.718447855e-16 -1.942890293e-16 3.43152146
313
0.4090942391 0.910849718 1.400553421e-17 5.828670879e-16 2.775557562e-16 3.451624966
314
0.4105347524 0.9102619972 -2.819439879e-17 3.330669074e-16 2.775557562e-16 3.471789805
315
0.4119795367 0.9096627876 -2.701293646e-17 2.498001805e-16 -5.828670879e-16 3.492015003
316
0.4134285274 0.9090517921 -5.724207592e-17 3.330669074e-16 8.326672685e-17 3.512299459
317
0.4148816643 0.9084287066 -5.950315037e-18 4.996003611e-16 -1.387778781e-16 3.532642244
318
0.4163388809 0.9077932245 4.317769492e-17 8.326672685e-17 1.110223025e-16 3.553042232
319
0.4178001055 0.9071450337 -4.476429471e-17 1.665334537e-16 -5.551115123e-17 3.573498163
320
0.4192652713 0.9064838166 -2.396195713e-17 6.661338148e-16 3.60822483e-16 3.594008955
321
0.4207343073 0.9058092515 -4.143266149e-17 4.163336342e-16 8.326672685e-17 3.614573409
322
0.4222071336 0.9051210131 1.270411499e-17 5.828670879e-16 -2.220446049e-16 3.635190054
323
0.4236836749 0.90441877 -3.686750918e-17 2.220446049e-16 -5.551115123e-17 3.655857593
324
0.4251638523 0.9037021869 1.258415808e-17 5.551115123e-17 -1.387778781e-16 3.676574642
325
0.4266475798 0.902970926 -2.284160493e-17 3.885780586e-16 3.053113318e-16 3.697339581
326
0.4281347812 0.9022246404 -4.835847511e-17 6.106226635e-16 -1.387778781e-16 3.718151183
327
0.4296253575 0.9014629861 2.734791046e-17 2.775557562e-17 -7.771561172e-16 3.739007433
328
0.4311192251 0.9006856077 6.598761312e-17 4.163336342e-16 -1.665334537e-16 3.759906882
329
0.4326162916 0.8998921496 5.134834433e-17 1.110223025e-16 -3.053113318e-16 3.780847807
330
0.4341164623 0.8990822508 3.51315291e-17 4.718447855e-16 4.163336342e-16 3.801828425
331
0.4356196374 0.8982555468 -8.738747188e-18 9.992007222e-16 -3.330669074e-16 3.822846806
332
0.4371257207 0.8974116687 1.253889133e-17 1.942890293e-16 -2.775557562e-17 3.843901167
333
0.4386346062 0.8965502449 9.587498857e-18 1.026956298e-15 -4.718447855e-16 3.864989423
334
0.4401461898 0.8956708997 -4.142813482e-17 8.881784197e-16 -1.942890293e-16 3.886109561
335
0.4416603619 0.8947732529 3.18247926e-17 7.494005416e-16 2.775557562e-17 3.907259415
336
0.4431770117 0.8938569211 -2.572283393e-17 8.604228441e-16 1.387778781e-16 3.928436794
337
0.4446960259 0.8929215173 3.643973834e-17 3.60822483e-16 2.498001805e-16 3.94963945
338
0.4462172921 0.8919666515 6.317881093e-17 -2.775557562e-16 3.885780586e-16 3.970865189
339
0.44774069 0.8909919304 6.799519374e-17 2.775557562e-16 1.665334537e-16 3.992111569
340
0.4492660913 0.8899969585 6.363600516e-17 3.60822483e-16 -1.942890293e-16 4.013375888
341
0.4507933777 0.8889813354 -1.974083216e-17 1.082467449e-15 -8.049116929e-16 4.034655815
342
0.452322422 0.8879446589 -5.213372254e-17 1.026956298e-15 -6.661338148e-16 4.055948742
343
0.4538530946 0.886886524 1.383352054e-17 4.440892099e-16 -4.163336342e-16 4.077251985
344
0.4553852603 0.8858065235 -6.912233595e-18 5.828670879e-16 -4.163336342e-16 4.098562695
345
0.4569187837 0.8847042472 -8.631464977e-17 9.159339953e-16 -5.551115123e-16 4.119878033
346
0.45845353 0.8835792829 -6.283025691e-17 1.110223025e-15 -3.330669074e-16 4.141195211
347
0.4599893565 0.8824312156 -5.264523688e-17 8.881784197e-16 -1.665334537e-16 4.16251118
348
0.4615261182 0.8812596294 -4.246021685e-17 5.273559367e-16 2.498001805e-16 4.183822829
349
0.4630636649 0.8800641056 -3.59101173e-17 6.106226635e-16 -1.942890293e-16 4.205126878
350
0.4646018524 0.8788442239 -1.222564538e-16 1.304512054e-15 -3.885780586e-16 4.226420285
351
0.4661405251 0.8775995641 -5.52163886e-17 9.436895709e-16 -2.775557562e-17 4.247699628
352
0.4618392796 1.004472294 -1.099348429e-16 1.110223025e-15 -4.718447855e-16 3.65155815
353
0.469530165 1.130528151 -1.121981807e-16 8.326672685e-16 -1.110223025e-15 3.302930146
354
0.4820172709 1.249174139 8.057482515e-19 9.992007222e-16 -3.330669074e-16 3.102830404
355
0.4964100243 1.358525121 5.762458001e-17 2.220446049e-16 -5.551115123e-16 3.001768634
356
0.5114704776 1.458422824 2.327254444e-16 5.551115123e-16 -4.163336342e-16 2.973919267
357
0.5265944396 1.549284993 1.34741025e-16 3.330669074e-16 1.110223025e-16 3.003734124
358
0.5414574482 1.631708983 1.644993902e-17 1.276756478e-15 8.326672685e-17 3.080850777
359
0.5558583913 1.706319697 6.753799951e-17 2.220446049e-16 1.498801083e-15 3.197431898
360
0.5696641829 1.773719042 1.23216109e-16 -1.054711873e-15 7.771561172e-16 3.347240236
361
0.58278403 1.834468769 -2.969499174e-18 6.661338148e-16 0 3.525165315
362
0.5960123929 1.889920239 -5.938998348e-17 1.443289932e-15 -2.775557562e-16 3.739673416
363
0.6099656064 1.941089972 -5.348719854e-17 2.553512957e-15 -2.498001805e-16 3.994699749
364
0.6243140736 1.987971778 -1.265296355e-16 1.443289932e-15 4.163336342e-16 4.279365448
365
0.6388589519 2.030722841 -2.760366763e-16 3.219646771e-15 -1.054711873e-15 4.586721254
366
0.6534724949 2.069565767 -8.995409693e-17 3.996802889e-15 9.992007222e-16 4.91188509
367
0.6680674176 2.104742674 -5.042716585e-17 9.992007222e-16 5.551115123e-17 5.251179552
368
0.6825805853 2.136493321 -1.03208203e-18 4.218847494e-15 -3.330669074e-16 5.601690061
369
0.6969640563 2.165044933 -2.568254651e-16 2.886579864e-15 -7.21644966e-16 5.96102167
370
0.7111799673 2.190607886 2.448026148e-17 1.33226763e-15 1.665334537e-16 6.327155734
371
0.7251975059 2.213374288 2.55376929e-16 8.881784197e-16 1.276756478e-15 6.698361558
372
0.7389909991 2.233518089 2.276012477e-16 1.110223025e-16 1.221245327e-15 7.073136195
373
0.7525386698 2.251195875 2.417787955e-16 9.992007222e-16 2.331468352e-15 7.450163039
374
0.7658217563 2.26654802 6.645159737e-17 -1.110223025e-16 1.054711873e-15 7.828279912
375
0.7788238852 2.279699948 2.406380733e-17 1.443289932e-15 1.720845688e-15 8.206454949
376
0.7915305818 2.29076342 -6.319239096e-17 3.885780586e-15 2.775557562e-16 8.583766503
377
0.8039288721 2.299837813 -1.243930447e-17 1.443289932e-15 7.21644966e-16 8.95938563
378
0.816007 2.307011294 -7.295190349e-17 3.774758284e-15 1.665334537e-16 9.332563167
379
0.827754164 2.312361959 -1.090023477e-17 2.775557562e-15 9.992007222e-16 9.702617096
380
0.8391602988 2.315958896 1.446001244e-16 3.108624469e-15 -4.996003611e-16 10.06892144
381
0.8502159128 2.317863163 6.156278775e-17 3.108624469e-15 -5.551115123e-17 10.43089754
382
0.8609112764 2.318128741 3.229873553e-16 3.330669074e-16 6.661338148e-16 10.78798112
383
0.8700195893 2.316891884 3.333624957e-16 -6.661338148e-16 1.720845688e-15 11.09414475
384
0.8773835077 2.314044905 2.22712438e-16 1.110223025e-16 9.992007222e-16 11.34414683
385
0.8829442281 2.309530661 1.855755917e-16 1.443289932e-15 3.885780586e-16 11.53601656
386
0.8866691789 2.303315542 1.340801304e-16 1.554312234e-15 1.110223025e-16 11.66854253
387
0.8885299671 2.295368998 4.20980828e-17 1.887379142e-15 6.106226635e-16 11.74060311
388
0.8884968887 2.285658273 9.554906793e-17 -6.661338148e-16 1.915134717e-15 11.75102047
389
0.8884119112 2.275891077 6.03496387e-17 -3.330669074e-16 9.436895709e-16 11.76016873
390
0.8883330715 2.26612147 5.591349664e-17 -4.440892099e-16 1.276756478e-15 11.76941931
391
0.8882601804 2.256349476 8.263898921e-17 0 1.748601264e-15 11.7785452
392
0.8881929468 2.246575214 8.457640635e-17 -1.776356839e-15 1.054711873e-15 11.78745786
393
0.888131126 2.236798796 1.067390099e-16 7.771561172e-16 1.249000903e-15 11.79611599
394
0.88807451 2.227020328 6.368127192e-17 -4.440892099e-16 1.554312234e-15 11.80449548
395
0.8880229193 2.217239909 8.569902189e-17 -6.661338148e-16 1.387778781e-15 11.81257954
396
0.8879761958 2.207457633 8.070157206e-17 -1.554312234e-15 1.804112415e-15 11.82035511
397
0.8879341981 2.197673591 6.286647032e-17 -6.661338148e-16 1.748601264e-15 11.82781143
398
0.8878967973 2.187887869 7.813042034e-17 -3.108624469e-15 2.164934898e-15 11.83493927
399
0.8878638737 2.178100553 4.941319052e-17 0 9.992007222e-16 11.84173064
400
0.8878353145 2.168311726 8.796235968e-17 4.440892099e-16 1.165734176e-15 11.84817851
401
0.887811012 2.158521467 8.446776614e-17 -1.554312234e-15 8.604228441e-16 11.85427674
402
0.8877908616 2.148729855 4.437952729e-17 -6.661338148e-16 1.526556659e-15 11.86001999
403
0.8877747613 2.138936967 5.254565002e-17 -1.998401444e-15 1.748601264e-15 11.86540367
404
0.8877626102 2.129142878 6.178006818e-17 -1.998401444e-15 1.387778781e-15 11.87042392
405
0.8877543082 2.119347663 4.235157663e-17 -1.33226763e-15 1.526556659e-15 11.87507759
406
0.887749755 2.109551392 4.622641092e-17 -1.33226763e-15 1.720845688e-15 11.87936224
407
0.88774885 2.099754138 4.834489509e-17 -4.440892099e-16 1.443289932e-15 11.8832761
408
0.8877514918 2.08995597 2.571151724e-17 -8.881784197e-16 1.90125693e-15 11.88681808
409
0.887757578 2.080156957 8.999031033e-17 -8.881784197e-16 1.554312234e-15 11.88998776
410
0.8877670051 2.070357166 6.3554525e-17 -1.33226763e-15 1.318389842e-15 11.89278534
411
0.888208294 2.060543651 4.647990475e-17 -9.992007222e-16 2.067790383e-15 11.37309283
412
0.8885312431 2.050675587 4.131044125e-17 5.551115123e-16 1.623701174e-15 11.16978367
413
0.8888039567 2.040793042 7.203298835e-17 -4.440892099e-16 1.859623566e-15 11.07494226
414
0.8890544334 2.030912414 6.492158103e-17 3.330669074e-16 1.693090113e-15 11.02272811
415
0.8892920351 2.021039492 6.49442144e-17 -6.661338148e-16 1.873501354e-15 10.98947703
416
0.8895188552 2.011175864 5.977927758e-17 3.330669074e-16 2.02615702e-15 10.96575405
417
0.8897345234 2.001321398 5.180327522e-17 7.771561172e-16 1.7069679e-15 10.94740511
418
0.8899381598 1.991475329 5.580485643e-17 -8.326672685e-16 1.748601264e-15 10.93242008
419
0.890129084 1.981636729 5.560115603e-17 -5.551115123e-17 1.623701174e-15 10.91973732
420
0.8903069963 1.971804703 5.420467661e-17 2.775557562e-16 1.561251128e-15 10.90874942
421
0.8904719566 1.961978443 5.708137894e-17 -1.110223025e-16 1.755540158e-15 10.89908246
422
0.8906243028 1.952157251 5.642387931e-17 -1.110223025e-15 2.116362641e-15 10.89049035
423
0.8907645627 1.942340523 4.898089301e-17 -5.551115123e-17 1.970645869e-15 10.88280108
424
0.8908933819 1.93252774 5.461773576e-17 -1.110223025e-16 2.227384943e-15 10.8758878
425
0.8910114688 1.922718455 5.692294529e-17 -1.665334537e-16 2.060851489e-15 10.86965261
426
0.8911195551 1.912912282 5.962819978e-17 1.110223025e-16 1.86656246e-15 10.864017
427
0.8912183697 1.90310888 5.787694217e-17 -3.053113318e-16 1.90125693e-15 10.858916
428
0.8913086214 1.893307955 5.197132805e-17 1.665334537e-16 1.401656569e-15 10.85429452
429
0.891390988 1.883509245 5.969723158e-17 2.220446049e-16 1.90125693e-15 10.85010498
430
0.8914661102 1.87371252 5.558248349e-17 -6.106226635e-16 1.942890293e-15 10.84630565
431
0.8915345885 1.863917575 5.672320573e-17 5.551115123e-17 1.748601264e-15 10.84285959
432
0.8915969823 1.854124229 5.445534127e-17 1.942890293e-16 1.734723476e-15 10.83973378
433
0.8916538103 1.84433232 5.561813106e-17 1.110223025e-16 1.748601264e-15 10.83689858
434
0.8917055515 1.834541702 5.860856611e-17 -2.775557562e-16 1.74166237e-15 10.83432729
435
0.8917526473 1.824752247 5.585351819e-17 -4.163336342e-16 1.824929097e-15 10.83199574
436
0.8917955033 1.814963837 5.881877361e-17 -3.330669074e-16 2.019218126e-15 10.82988202
437
0.8918344919 1.80517637 5.239881598e-17 -2.775557562e-16 2.060851489e-15 10.82796628
438
0.8918699541 1.795389752 5.862837031e-17 -5.828670879e-16 1.679212325e-15 10.82623047
439
0.891902202 1.785603899 5.919703393e-17 -2.220446049e-16 2.067790383e-15 10.82465819
440
0.8919315211 1.775818735 5.618424842e-17 -6.661338148e-16 1.963706975e-15 10.82323454
441
0.8919581723 1.766034193 5.482454825e-17 -4.718447855e-16 2.15105711e-15 10.82194596
442
0.8919823936 1.756250212 5.796846589e-17 -2.220446049e-16 2.053912596e-15 10.82078012
443
0.8920044024 1.746466736 6.0796365e-17 -2.498001805e-16 1.7069679e-15 10.81972582
444
0.8920243969 1.736683716 5.673466388e-17 -8.326672685e-17 1.845745778e-15 10.81877285
445
0.8920425578 1.726901107 5.343358572e-17 -2.775557562e-16 1.970645869e-15 10.81791196
446
0.8920590498 1.71711887 6.316070423e-17 1.110223025e-16 1.776356839e-15 10.81713469
447
0.8920740231 1.707336967 6.173734768e-17 -6.106226635e-16 2.324529458e-15 10.81643339
448
0.8920876142 1.697555367 6.342254412e-17 5.551115123e-17 1.7069679e-15 10.81580109
449
0.8920999479 1.687774039 6.297341303e-17 -7.21644966e-16 1.984523657e-15 10.81523145
450
0.8921111374 1.677992957 6.475494278e-17 5.551115123e-17 2.255140519e-15 10.81471872
451
0.8921212859 1.668212097 6.121069727e-17 -4.440892099e-16 1.845745778e-15 10.81425764
452
0.8921304874 1.658431438 6.086292127e-17 -5.273559367e-16 1.99146255e-15 10.81384348
453
0.8921388275 1.648650959 6.57375143e-17 -6.800116026e-16 2.234323837e-15 10.8134719
454
0.8921463839 1.638870643 6.567208969e-17 -1.942890293e-16 1.713906794e-15 10.81313898
455
0.8921532274 1.629090475 6.391842728e-17 -3.747002708e-16 1.554312234e-15 10.81284114
456
0.8921594225 1.619310439 5.880583014e-17 -1.01307851e-15 2.296773882e-15 10.81257514
457
0.8921650278 1.609530523 6.458094869e-17 -3.053113318e-16 2.18575158e-15 10.81233803
458
0.8921700965 1.599750715 6.265647501e-17 -1.040834086e-15 2.380040609e-15 10.81212713
459
0.8921746773 1.589971004 6.828193034e-17 -2.775557562e-16 2.060851489e-15 10.81194001
460
0.8921788141 1.580191382 6.032078114e-17 2.775557562e-17 1.873501354e-15 10.81177447
461
0.8921825472 1.570411838 6.113671441e-17 8.326672685e-17 1.700029006e-15 10.81162848
462
0.892185913 1.560632366 6.378481962e-17 2.220446049e-16 1.623701174e-15 10.81150024
463
0.8921889448 1.550852958 6.622611234e-17 1.804112415e-16 1.7069679e-15 10.81138807
464
0.8921916726 1.541073608 6.024991038e-17 -2.498001805e-16 2.303712776e-15 10.81129049
465
0.8921941239 1.531294311 6.695122918e-17 -1.665334537e-16 1.790234627e-15 10.81120611
466
0.8921963238 1.52151506 6.430468002e-17 -4.579669977e-16 1.894318036e-15 10.8111337
467
0.8921982949 1.511735852 6.157969206e-17 2.91433544e-16 1.665334537e-15 10.81107213
468
0.8922000578 1.501956682 6.218308376e-17 -2.359223927e-16 2.15105711e-15 10.81102039
469
0.8922016313 1.492177547 6.272773478e-17 -4.440892099e-16 1.908195824e-15 10.81097752
470
0.8922030325 1.482398442 6.432243308e-17 -2.498001805e-16 2.040034808e-15 10.8109427
471
0.8922042769 1.472619365 6.353475616e-17 -1.387778781e-16 1.90125693e-15 10.81091516
472
0.8922053787 1.462840313 6.594648403e-17 1.665334537e-16 1.491862189e-15 10.81089419
473
0.8922063506 1.453061283 5.887228033e-17 -1.387778781e-17 1.824929097e-15 10.81087917
474
0.8922072043 1.443282274 6.256435009e-17 -1.387778781e-17 1.845745778e-15 10.81086953
475
0.8922079504 1.433503282 5.781586741e-17 -7.91033905e-16 2.199629368e-15 10.81086473
476
0.8922085986 1.423724307 6.412294107e-17 4.579669977e-16 1.915134717e-15 10.81086431
477
0.8922091576 1.413945346 6.128627153e-17 0 1.672273431e-15 10.81086783
478
0.8922096355 1.404166398 5.96606999e-17 3.469446952e-16 1.824929097e-15 10.81087491
479
0.8922100394 1.394387462 6.187537592e-17 5.551115123e-17 1.845745778e-15 10.81088518
480
0.892210376 1.384608536 5.995210464e-17 -1.249000903e-16 1.824929097e-15 10.81089834
481
0.8922106513 1.374829619 7.063477606e-17 1.665334537e-16 1.693090113e-15 10.81091408
482
0.8922108707 1.365050711 6.472672179e-17 1.249000903e-16 1.727784582e-15 10.81093214
483
0.8922110392 1.355271809 6.598471322e-17 -6.800116026e-16 1.58206781e-15 10.81095228
484
0.8922111612 1.345492914 5.972379044e-17 -3.60822483e-16 2.18575158e-15 10.81097427
485
0.8922112409 1.335714025 6.353585247e-17 1.387778781e-17 1.922073611e-15 10.81099793
486
0.8922112821 1.325935141 6.762138936e-17 1.249000903e-16 1.970645869e-15 10.81102307
487
0.892211288 1.316156261 6.494018283e-17 6.938893904e-17 1.790234627e-15 10.81104952
488
0.8922112618 1.306377385 6.610247752e-17 2.220446049e-16 1.755540158e-15 10.81107714
489
0.8922112063 1.296598513 6.77722196e-17 -3.747002708e-16 1.672273431e-15 10.8111058
490
0.8922111241 1.286819643 6.841065768e-17 2.91433544e-16 1.554312234e-15 10.81113536
491
0.8922110174 1.277040776 6.691487432e-17 2.775557562e-17 2.199629368e-15 10.81116572
492
0.8922108883 1.267261911 6.707451036e-17 -1.942890293e-16 1.755540158e-15 10.81119677
493
0.8922107389 1.257483047 6.022225522e-17 -4.163336342e-17 1.74166237e-15 10.81122844
494
0.8922105707 1.247704186 6.558661332e-17 2.359223927e-16 1.443289932e-15 10.81126062
495
0.8922103855 1.237925325 6.928908029e-17 -1.526556659e-16 2.130240428e-15 10.81129325
496
0.8922101846 1.228146466 6.37794442e-17 -4.024558464e-16 1.713906794e-15 10.81132626
497
0.8922099694 1.218367607 6.310694996e-17 1.387778781e-16 1.609823386e-15 10.81135959
498
0.892209741 1.208588749 6.238126728e-17 -5.828670879e-16 2.123301535e-15 10.81139317
499
0.8922095006 1.198809891 6.25735449e-17 -4.163336342e-16 1.880440248e-15 10.81142696
500
0.8922092491 1.189031034 6.650216882e-17 -4.30211422e-16 2.005340338e-15 10.81146092
501
0.8922089874 1.179252176 6.718318594e-17 -2.498001805e-16 1.512678871e-15 10.81149499
502
0.8922087164 1.169473319 6.665940007e-17 -4.857225733e-16 1.817990203e-15 10.81152915
503
0.8922084367 1.159694461 6.848976841e-17 -4.718447855e-16 1.61676228e-15 10.81156335
504
0.8922081491 1.149915604 6.978729752e-17 -2.636779683e-16 2.109423747e-15 10.81159757
505
0.8922078542 1.140136745 6.905280905e-17 -2.359223927e-16 2.248201625e-15 10.81163177
506
0.8922075525 1.130357887 6.688502655e-17 4.163336342e-17 1.693090113e-15 10.81166594
507
0.8922072446 1.120579028 6.88353518e-17 -1.942890293e-16 1.408595462e-15 10.81170004
508
0.8922069308 1.110800168 6.425913035e-17 -2.91433544e-16 1.526556659e-15 10.81173406
509
0.8922066117 1.101021307 6.886360815e-17 -1.387778781e-16 1.471045508e-15 10.81176798
510
0.8922062876 1.091242446 6.605360356e-17 -4.163336342e-16 2.095545959e-15 10.81180178
511
0.8922059589 1.081463584 6.330909431e-17 -5.273559367e-16 1.804112415e-15 10.81183545
512
0.8922056258 1.071684721 6.621529076e-17 1.942890293e-16 1.380839887e-15 10.81186896
513
0.8922052888 1.061905858 7.069461306e-17 -2.081668171e-16 2.033095914e-15 10.81190231
514
0.8922049479 1.052126993 6.704887099e-17 1.665334537e-16 1.471045508e-15 10.81193549
515
0.8922046035 1.042348128 6.371313547e-17 3.816391647e-16 1.380839887e-15 10.81196849
516
0.8922042558 1.032569261 6.675375296e-17 3.191891196e-16 1.276756478e-15 10.81200129
517
0.892203905 1.022790394 6.989989858e-17 -3.60822483e-16 1.922073611e-15 10.81203389
518
0.8922035513 1.013011525 6.701410754e-17 -8.326672685e-17 1.942890293e-15 10.81206628
519
0.8922031948 1.003232655 6.818397025e-17 -1.249000903e-16 2.18575158e-15 10.81209845
520
0.8922028357 0.9934537848 6.285299638e-17 5.551115123e-17 1.387778781e-15 10.8121304
521
0.8922024741 0.983674913 6.446820618e-17 -4.510281038e-16 2.088607065e-15 10.81216212
522
0.8922021102 0.9738960401 6.833037992e-17 2.289834988e-16 1.748601264e-15 10.81219361
523
0.8922017441 0.9641171661 6.563103133e-17 -4.857225733e-17 1.464106614e-15 10.81222486
524
0.8922013758 0.9543382909 6.924766828e-17 -6.938893904e-16 1.686151219e-15 10.81225587
525
0.8922010054 0.9445594145 6.317396597e-17 -1.45716772e-16 2.060851489e-15 10.81228663
526
0.8922006332 0.934780537 6.813237323e-17 -2.983724379e-16 2.164934898e-15 10.81231715
527
0.892200259 0.9250016582 6.414115387e-17 -2.289834988e-16 1.554312234e-15 10.81234741
528
0.8921998831 0.9152227783 7.11814075e-17 -2.220446049e-16 2.171873792e-15 10.81237743
529
0.8921995054 0.9054438971 6.878849363e-17 -2.567390744e-16 1.880440248e-15 10.81240718
530
0.8921991261 0.8956650148 7.247631963e-17 -6.938893904e-18 2.213507155e-15 10.81243668
531
0.8921987451 0.8858861312 6.638935558e-17 -2.498001805e-16 1.970645869e-15 10.81246592
532
0.8921983626 0.8761072464 6.997253757e-17 2.359223927e-16 1.797173521e-15 10.81249489
533
0.8921979785 0.8663283603 6.198567827e-17 -8.326672685e-17 2.109423747e-15 10.81252361
534
0.892197593 0.856549473 6.841712941e-17 2.081668171e-16 1.811051309e-15 10.81255206
535
0.892197206 0.8467705844 6.340758487e-17 6.938893904e-17 1.686151219e-15 10.81258025
536
0.8921968177 0.8369916946 6.480809585e-17 -9.714451465e-17 1.665334537e-15 10.81260817
537
0.8921964279 0.8272128035 7.123215578e-17 1.110223025e-16 1.949829187e-15 10.81263583
538
0.8921960369 0.8174339111 6.682773582e-17 -6.245004514e-17 1.700029006e-15 10.81266322
539
0.8921956445 0.8076550175 6.865287019e-17 1.110223025e-16 2.005340338e-15 10.81269035
540
0.8921952508 0.7978761226 6.68731794e-17 -1.45716772e-16 2.130240428e-15 10.81271721
541
0.8921948559 0.7880972264 6.953366223e-17 4.440892099e-16 1.998401444e-15 10.8127438
542
0.8921944597 0.7783183289 7.449610106e-17 1.040834086e-16 1.401656569e-15 10.81277012
543
0.8921940623 0.7685394301 7.095517982e-17 -5.551115123e-17 2.130240428e-15 10.81279618
544
0.8921936637 0.7587605301 6.837218094e-17 -2.775557562e-17 1.922073611e-15 10.81282197
545
0.8921932639 0.7489816287 6.713413517e-17 -1.387778781e-16 2.220446049e-15 10.8128475
546
0.892192863 0.739202726 6.586461486e-17 2.081668171e-17 1.790234627e-15 10.81287276
547
0.8921924609 0.7294238221 6.107532138e-17 -1.873501354e-16 2.18575158e-15 10.81289775
548
0.8921920576 0.7196449168 6.969198978e-17 0 1.658395643e-15 10.81292247
549
0.8921916533 0.7098660102 6.963091503e-17 -2.567390744e-16 2.171873792e-15 10.81294693
550
0.8921912478 0.7000871023 6.352676375e-17 -1.526556659e-16 2.040034808e-15 10.81297113
551
0.8921908412 0.6903081931 6.892167691e-17 4.857225733e-17 1.880440248e-15 10.81299505
552
0.8921904335 0.6805292826 6.19278217e-17 -4.163336342e-17 1.956768081e-15 10.81301872
553
0.8921900247 0.6707503708 5.966437782e-17 -4.163336342e-17 2.269018307e-15 10.81304212
554
0.8921896148 0.6609714576 6.941957586e-17 -2.532696275e-16 1.817990203e-15 10.81306525
555
0.8921892039 0.6511925432 6.613317403e-17 -1.387778781e-16 2.040034808e-15 10.81308812
556
0.8921887919 0.6414136274 6.128202777e-17 1.734723476e-17 1.790234627e-15 10.81311073
557
0.8921883789 0.6316347103 6.538004839e-17 1.179611964e-16 1.956768081e-15 10.81313308
558
0.8921879648 0.6218557918 6.183081646e-17 2.081668171e-17 1.845745778e-15 10.81315517
559
0.8921875497 0.6120768721 6.102715472e-17 -1.665334537e-16 1.949829187e-15 10.81317699
560
0.8921871336 0.6022979509 6.053604579e-17 -3.538835891e-16 2.199629368e-15 10.81319855
561
0.8921867164 0.5925190285 6.076308686e-17 -9.714451465e-17 2.296773882e-15 10.81321985
562
0.8921862982 0.5827401047 5.966161938e-17 -2.844946501e-16 2.213507155e-15 10.8132409
563
0.892185879 0.5729611796 5.501488081e-17 -2.636779683e-16 1.942890293e-15 10.81326168
564
0.8921854588 0.5631822532 6.057006658e-17 -1.769417945e-16 1.7069679e-15 10.81328221
565
0.8921850376 0.5534033254 5.9942733e-17 1.387778781e-17 1.956768081e-15 10.81330248
566
0.8921846153 0.5436243963 5.664264505e-17 -1.734723476e-16 1.852684672e-15 10.81332249
567
0.8921841921 0.5338454658 5.927589711e-17 -2.428612866e-16 2.400857291e-15 10.81334224
568
0.8921837679 0.524066534 6.29897515e-17 -2.775557562e-16 1.90125693e-15 10.81336174
569
0.8921833428 0.5142876008 5.978284941e-17 -2.567390744e-16 2.130240428e-15 10.81338099
570
0.8921829166 0.5045086663 6.324430627e-17 -1.040834086e-16 1.852684672e-15 10.81339998
571
0.8921824895 0.4947297305 6.594860591e-17 2.428612866e-17 1.679212325e-15 10.81341871
572
0.8921820614 0.4849507933 6.165381637e-17 -1.977584763e-16 2.019218126e-15 10.8134372
573
0.8921816323 0.4751718547 6.065564904e-17 -1.075528555e-16 1.693090113e-15 10.81345543
574
0.8921812023 0.4653929148 6.170898523e-17 -5.377642776e-17 1.727784582e-15 10.81347341
575
0.8921807713 0.4556139735 6.194638814e-17 -2.463307336e-16 2.137179322e-15 10.81349113
576
0.8921803394 0.4458350309 6.454003179e-17 -8.67361738e-18 1.762479052e-15 10.81350861
577
0.8921799065 0.4360560869 6.430121428e-17 -8.326672685e-17 2.15105711e-15 10.81352584
578
0.8921794726 0.4262771416 6.033400752e-17 -1.353084311e-16 1.776356839e-15 10.81354282
579
0.8921790379 0.4164981949 6.666201705e-17 -3.469446952e-17 1.86656246e-15 10.81355955
580
0.8921786021 0.4067192468 6.535854668e-17 -6.071532166e-17 1.817990203e-15 10.81357603
581
0.8921781655 0.3969402974 6.631668122e-17 -1.040834086e-16 1.804112415e-15 10.81359227
582
0.8921777279 0.3871613466 6.573132548e-17 -3.382710778e-16 1.658395643e-15 10.81360826
583
0.8921772894 0.3773823944 5.811561821e-17 -3.452099717e-16 1.672273431e-15 10.81362401
584
0.8921768499 0.3676034409 5.860099807e-17 -3.400058013e-16 2.255140519e-15 10.8136395
585
0.8921764096 0.357824486 6.540993152e-17 -2.602085214e-16 2.123301535e-15 10.81365476
586
0.8921759683 0.3480455297 6.071658234e-17 -2.870967353e-16 1.831867991e-15 10.81366977
587
0.8921755261 0.338266572 6.26174678e-17 -2.289834988e-16 2.164934898e-15 10.81368454
588
0.8921750829 0.328487613 6.589881248e-17 -1.990595189e-16 1.700029006e-15 10.81369907
589
0.8921746389 0.3187086526 6.477007885e-17 -3.187554387e-16 1.831867991e-15 10.81371336
590
0.892174194 0.3089296908 6.311593258e-17 -2.458970527e-16 1.86656246e-15 10.8137274
591
0.8921737481 0.2991507277 6.869672236e-17 -3.304648222e-16 1.630640067e-15 10.81374121
592
0.8921733014 0.2893717631 5.904118191e-17 -2.663884738e-16 1.845745778e-15 10.81375478
593
0.8921728538 0.2795927972 6.248371868e-17 -2.762547135e-16 1.672273431e-15 10.8137681
594
0.8921724052 0.2698138299 6.880858075e-17 -3.122502257e-16 2.053912596e-15 10.8137812
595
0.8921719558 0.2600348613 6.518094539e-17 -2.790736392e-16 2.269018307e-15 10.81379405
596
0.8921715055 0.2502558912 6.574267754e-17 -2.684484579e-16 2.102484853e-15 10.81380667
597
0.8921710543 0.2404769197 6.361008287e-17 -3.573530361e-16 2.168404345e-15 10.81381905
598
0.8921706023 0.2306979469 6.506763704e-17 -3.512815039e-16 1.942890293e-15 10.81383119
599
0.8921701493 0.2209189727 6.446474044e-17 -3.035766083e-16 2.178812686e-15 10.81384311
600
0.8921696955 0.2111399971 6.675095916e-17 -2.792904796e-16 1.894318036e-15 10.81385479
601
0.8921692408 0.20136102 6.362164711e-17 -3.374037161e-16 2.130240428e-15 10.81386623
602
0.8921687852 0.1915820416 6.583200865e-17 -3.877106969e-16 2.126770982e-15 10.81387745
603
0.8921683288 0.1818030619 6.405288369e-17 -3.781697178e-16 1.859623566e-15 10.81388843
604
0.8921678715 0.1720240807 6.458869355e-17 -3.989863995e-16 1.78676518e-15 10.81389918
605
0.8921674133 0.1622450981 6.438810524e-17 -3.504141421e-16 1.918604164e-15 10.8139097
606
0.8921669543 0.1524661141 6.708851477e-17 -3.348016309e-16 1.949829187e-15 10.81391999
607
0.8921664944 0.1426871287 6.080920236e-17 -4.319461455e-16 2.147587663e-15 10.81393006
608
0.8921660337 0.1329081419 6.424081146e-17 -3.122502257e-16 1.835337438e-15 10.81393989
609
0.8921655721 0.1231291537 6.909372595e-17 -3.573530361e-16 2.012279232e-15 10.8139495
610
0.8921651097 0.1133501642 6.523123393e-17 -4.111294638e-16 1.929012505e-15 10.81395889
611
0.8921646464 0.1035711732 6.412258742e-17 -3.903127821e-16 1.98105421e-15 10.81396804
612
0.8921641823 0.09379218077 6.766708049e-17 -2.463307336e-16 2.18575158e-15 10.81397697
613
0.8921637174 0.08401318697 6.74233473e-17 -2.983724379e-16 1.890848589e-15 10.81398568
614
0.8921632516 0.07423419176 7.072863385e-17 -3.538835891e-16 1.94635974e-15 10.81399416
615
0.892162785 0.06445519514 6.937024217e-17 -3.469446952e-16 2.012279232e-15 10.81400242
616
0.8921623176 0.05467619711 7.208302933e-17 -3.018418848e-16 1.644517855e-15 10.81401046
617
0.8921618493 0.04489719768 6.739742501e-17 -4.30211422e-16 1.387778781e-15 10.81401828
618
0.8921613802 0.03511819683 7.273893755e-17 -3.018418848e-16 1.817990203e-15 10.81402587
619
0.8921609103 0.02533919456 7.269621705e-17 -2.706168623e-16 1.599415045e-15 10.81403325
620
0.8921604396 0.01556019089 6.768034223e-17 -3.60822483e-16 1.575128916e-15 10.8140404
621
0.8921599681 0.005781185795 6.758036636e-17 -2.602085214e-16 1.824929097e-15 10.81404734
622
0.8921594957 -0.003997820714 7.146092972e-17 -2.949029909e-16 1.998401444e-15 10.81405406
623
0.8921590226 -0.01377682864 7.536964335e-17 -2.567390744e-16 1.693090113e-15 10.81406056
624
0.8921585486 -0.02355583798 7.327312063e-17 -3.712308239e-16 2.130240428e-15 10.81406684
625
0.8921580738 -0.03333484875 7.475832996e-17 -3.330669074e-16 1.585537257e-15 10.81407291
626
0.8921575982 -0.04311386094 7.190334153e-17 -2.775557562e-16 1.78676518e-15 10.81407877
627
0.8921571219 -0.05289287454 7.20537474e-17 -3.122502257e-16 1.724315135e-15 10.8140844
628
0.8921566447 -0.06267188958 7.262782181e-17 -2.15105711e-16 2.164934898e-15 10.81408983
629
0.8921561668 -0.07245090603 7.024481004e-17 -3.261280135e-16 2.02615702e-15 10.81409504
630
0.892155688 -0.08222992391 7.315503805e-17 -3.018418848e-16 1.682681772e-15 10.81410004
631
0.8921552085 -0.09200894322 7.438236833e-17 -3.60822483e-16 1.779826286e-15 10.81410482
632
0.8921547282 -0.101787964 7.619020939e-17 -1.838806885e-16 1.536965e-15 10.8141094
633
0.8921542471 -0.1115669861 7.474400727e-17 -2.636779683e-16 1.970645869e-15 10.81411376
634
0.8921537652 -0.1213460097 7.611283153e-17 -2.220446049e-16 1.641048408e-15 10.81411792
635
0.8921532825 -0.1311250347 8.026018583e-17 -1.249000903e-16 1.935951399e-15 10.81412187
636
0.8921527991 -0.1409040612 8.092429865e-17 -1.387778781e-16 1.863093013e-15 10.8141256
637
0.8921523149 -0.1506830891 7.715379008e-17 -2.15105711e-16 1.644517855e-15 10.81412913
638
0.89215183 -0.1604621184 7.629983981e-17 -2.15105711e-16 1.935951399e-15 10.81413246
639
0.8921513442 -0.1702411492 7.188682624e-17 -2.012279232e-16 1.734723476e-15 10.81413557
640
0.8921508577 -0.1800201814 7.449528767e-17 -1.804112415e-16 1.967176422e-15 10.81413848
641
0.8921503705 -0.189799215 7.359058912e-17 -2.567390744e-16 1.925543058e-15 10.81414119
642
0.8921498825 -0.19957825 7.676350578e-17 -1.110223025e-16 2.157996004e-15 10.81414369
643
0.8921493937 -0.2093572866 7.003216238e-17 -1.873501354e-16 2.109423747e-15 10.81414599
644
0.8921489042 -0.2191363245 7.415306392e-17 -1.526556659e-16 1.918604164e-15 10.81414808
645
0.8921484139 -0.2289153639 7.574259898e-17 -2.428612866e-16 1.505739977e-15 10.81414997
646
0.8921479229 -0.2386944047 6.984391633e-17 -1.665334537e-16 1.849215225e-15 10.81415166
647
0.8921474312 -0.248473447 7.545260882e-17 -9.020562075e-17 1.481453848e-15 10.81415315
648
0.8921469387 -0.2582524907 7.333189668e-17 -2.498001805e-16 1.876970801e-15 10.81415444
649
0.8921464455 -0.2680315359 7.502310511e-17 -6.245004514e-17 2.095545959e-15 10.81415553
650
0.8921459515 -0.2778105825 7.43570826e-17 -2.15105711e-16 2.393918397e-15 10.81415642
651
0.8921454568 -0.2875896305 7.528611204e-17 -2.012279232e-16 2.258609966e-15 10.81415712
652
0.8921449614 -0.29736868 7.146481983e-17 -2.15105711e-16 1.516148318e-15 10.81415761
653
0.8921444652 -0.307147731 7.37494825e-17 -2.91433544e-16 1.564720575e-15 10.81415791
654
0.8921439683 -0.3169267834 7.162898255e-17 -3.191891196e-16 1.814520756e-15 10.81415801
655
0.8921434707 -0.3267058372 7.597268141e-17 -4.024558464e-16 1.793704074e-15 10.81415792
656
0.8921429724 -0.3364848925 7.582913628e-17 -1.179611964e-16 1.703498453e-15 10.81415763
657
0.8921424734 -0.3462639493 7.444577715e-17 -4.440892099e-16 1.894318036e-15 10.81415715
658
0.8921419736 -0.3560430075 7.341960102e-17 -3.400058013e-16 1.571659469e-15 10.81415648
659
0.8921414732 -0.3658220672 7.124722112e-17 -1.804112415e-16 1.918604164e-15 10.81415561
660
0.892140972 -0.3756011283 7.286228946e-17 -2.706168623e-16 2.182282133e-15 10.81415455
661
0.8921404701 -0.3853801909 7.164401253e-17 -2.567390744e-16 1.863093013e-15 10.8141533
662
0.8921399675 -0.3951592549 7.415840398e-17 -2.081668171e-16 1.935951399e-15 10.81415185
663
0.8921394643 -0.4049383204 7.463862061e-17 -3.261280135e-16 1.949829187e-15 10.81415022
664
0.8921389603 -0.4147173873 7.11538938e-17 -2.15105711e-16 2.130240428e-15 10.8141484
665
0.8921384556 -0.4244964557 7.586867396e-17 -2.706168623e-16 2.057382043e-15 10.81414639
666
0.8921379502 -0.4342755256 7.615212166e-17 -1.595945598e-16 1.654926196e-15 10.81414419
667
0.8921374442 -0.4440545969 7.128003952e-17 -2.706168623e-16 1.578598363e-15 10.8141418
668
0.8921369374 -0.4538336697 7.148897389e-17 -2.844946501e-16 1.845745778e-15 10.81413923
669
0.89213643 -0.463612744 7.145268976e-17 -3.469446952e-16 1.790234627e-15 10.81413647
670
0.8921359219 -0.4733918197 7.020463579e-17 -1.45716772e-16 2.060851489e-15 10.81413353
671
0.8921354131 -0.4831708969 6.825834212e-17 -5.551115123e-17 1.897787483e-15 10.8141304
672
0.8921349036 -0.4929499755 6.96928739e-17 -3.330669074e-16 1.69655956e-15 10.81412709
673
0.8921343935 -0.5027290557 7.232329678e-17 -3.330669074e-16 2.237793284e-15 10.81412359
674
0.8921338826 -0.5125081372 7.175647213e-17 -1.387778781e-16 1.790234627e-15 10.81411991
675
0.8921333712 -0.5222872203 7.122999854e-17 -4.024558464e-16 1.890848589e-15 10.81411605
676
0.892132859 -0.5320663048 7.111216351e-17 -1.665334537e-16 1.606353939e-15 10.81411201
677
0.8921323462 -0.5418453908 7.113285184e-17 -2.081668171e-16 2.216976602e-15 10.81410779
678
0.8921318327 -0.5516244783 6.960920113e-17 -3.747002708e-16 1.918604164e-15 10.81410338
679
0.8921313186 -0.5614035672 7.149795651e-17 -1.249000903e-16 1.835337438e-15 10.8140988
680
0.8921308038 -0.5711826576 7.54447225e-17 -1.249000903e-16 1.512678871e-15 10.81409404
681
0.8921302883 -0.5809617495 7.106491634e-17 -9.714451465e-17 1.849215225e-15 10.8140891
682
0.8921297722 -0.5907408428 7.62193145e-17 -2.775557562e-17 1.828398544e-15 10.81408398
683
0.8921292555 -0.6005199377 7.20824635e-17 -1.526556659e-16 2.078198724e-15 10.81407869
684
0.8921287381 -0.610299034 7.777383854e-17 -4.163336342e-17 1.37737044e-15 10.81407322
685
0.89212822 -0.6200781318 7.443364708e-17 -9.714451465e-17 1.838806885e-15 10.81406758
686
0.8921277013 -0.629857231 7.528544011e-17 4.163336342e-17 1.720845688e-15 10.81406176
687
0.892127182 -0.6396363318 7.786125997e-17 9.714451465e-17 2.154526557e-15 10.81405576
688
0.8921266621 -0.649415434 7.369629407e-17 -2.775557562e-16 1.384309334e-15 10.8140496
689
0.8921261415 -0.6591945377 7.298447433e-17 -2.220446049e-16 1.925543058e-15 10.81404326
690
0.8921256202 -0.6689736428 7.683416435e-17 -4.163336342e-17 1.536965e-15 10.81403674
691
0.8921250984 -0.6787527495 7.972175899e-17 -2.081668171e-16 1.963706975e-15 10.81403006
692
0.8921245759 -0.6885318576 7.714685861e-17 -3.885780586e-16 1.37737044e-15 10.81402321
693
0.8921240528 -0.6983109672 7.286543691e-17 -2.498001805e-16 1.491862189e-15 10.81401618
694
0.8921235291 -0.7080900783 7.427553172e-17 -8.326672685e-17 2.015748679e-15 10.81400899
695
0.8921230048 -0.7178691909 7.857923315e-17 -5.551115123e-17 2.241262731e-15 10.81400163
696
0.8921224798 -0.727648305 7.55945979e-17 -1.526556659e-16 1.609823386e-15 10.81399409
697
0.8921219542 -0.7374274206 7.302468394e-17 -3.330669074e-16 1.287164819e-15 10.8139864
698
0.8921214281 -0.7472065376 7.586068155e-17 -2.775557562e-17 1.939420846e-15 10.81397853
699
0.8921209013 -0.7569856561 7.632710596e-17 -8.326672685e-17 2.23085439e-15 10.8139705
700
0.8921203739 -0.7667647761 7.688837836e-17 -5.412337245e-16 1.634109514e-15 10.8139623
